4
1.0897839124922500E+01 1.0901139048199800E+01 1.0901139047808000E+01 1295.0428875006946
1.0900318393107201E+01 1.0900318399716500E+01 1.0901720848428001E+01 1295.3091244067714
1.0899730563153600E+01 1.0902305623981700E+01 1.0901445982814300E+01 1295.4427419322935
1.0900420471629200E+01 1.0901210787653600E+01 1.0901956418609901E+01 1295.4552923471817
1.0899786315960300E+01 1.0899713544665300E+01 1.0904046336353300E+01 1295.4503022718297
1.0897970101603700E+01 1.0903591945444800E+01 1.0900879196631299E+01 1295.3189796496647
1.0901132452086800E+01 1.0901284216381200E+01 1.0901284210027500E+01 1295.468751056193
1.0902247466286100E+01 1.0899080012293700E+01 1.0901165517721401E+01 1295.325187215323
1.0903660142381700E+01 1.0900750982238200E+01 1.0899147621671499E+01 1295.4518036219665
1.0902273197612899E+01 1.0899184908819400E+01 1.0902010406796800E+01 1295.4411058089331
1.0901407762490599E+01 1.0902218285883199E+01 1.0899713866145300E+01 1295.4258379727212
1.0902026598652400E+01 1.0902765409531600E+01 1.0899988765542400E+01 1295.5970642272525
1.0902716145228400E+01 1.0900008645205901E+01 1.0900008645760799E+01 1295.3537600670709
1.0901694165198199E+01 1.0896901390145100E+01 1.0903896437196000E+01 1295.324956744567
1.0902264811583301E+01 1.0898193738469100E+01 1.0901890973365100E+01 1295.3081117307743
1.0901590143682800E+01 1.0900124223857899E+01 1.0900324523136600E+01 1295.2712488187883
1.0902333485576699E+01 1.0900866448948101E+01 1.0900187012961700E+01 1295.4314317922506
1.0900752245855500E+01 1.0898421037169300E+01 1.0901079803235000E+01 1295.059046500231
1.0901038997563401E+01 1.0896626344630400E+01 1.0904564273498201E+01 1295.2937462668904
1.0900461789337600E+01 1.0900809738841799E+01 1.0900809765961901E+01 1295.2762938561327
1.0902241842282100E+01 1.0899972864813799E+01 1.0899972746651001E+01 1295.288890058689
1.0899058687830999E+01 1.0902487407748300E+01 1.0902034926590700E+01 1295.4544700111785
1.0899865667815501E+01 1.0903582159951601E+01 1.0900659817456400E+01 1295.5170488804263
1.0899233087340900E+01 1.0902958046917901E+01 1.0901110686200701E+01 1295.4212910858523
1.0902212624904100E+01 1.0897118954916399E+01 1.0902144957672800E+01 1295.20434229429
1.0900695469654799E+01 1.0900695475560299E+01 1.0901767374380000E+01 1295.4042720197822
1.0903901637562200E+01 1.0903901661617800E+01 1.0894874741111600E+01 1295.3469078844812
1.0902237346759399E+01 1.0901229133653001E+01 1.0901229171180599E+01 1295.586966787911
1.0902349651853999E+01 1.0900258416127800E+01 1.0901739265275900E+01 1295.5455627274823
1.0903730011160400E+01 1.0900695432959401E+01 1.0900695443361400E+01 1295.6374744640864
1.0899961887628599E+01 1.0898696264246100E+01 1.0903708664038000E+01 1295.31014769692
1.0902619895964900E+01 1.0901898004926201E+01 1.0899451212492099E+01 1295.500597534295
1.0903676828423500E+01 1.0899981314158500E+01 1.0900531593108999E+01 1295.5268029451436
1.0900085863281801E+01 1.0902185741158601E+01 1.0901202015440800E+01 1295.441732586457
1.0901260693657299E+01 1.0899655120746599E+01 1.0903496253761199E+01 1295.553227978919
1.0899043320848000E+01 1.0902237803245299E+01 1.0902237807769600E+01 1295.4470922037822
1.0904201069627097E+01 1.0898070386604701E+01 1.0898074014781400E+01 1295.0699093812693
1.0905483335583000E+01 1.0898489374149699E+01 1.0899834598646601E+01 1295.4812488599903
1.0902382097335000E+01 1.0899779791356000E+01 1.0901208043949000E+01 1295.4294044456942
1.0903578736152101E+01 1.0901290237959200E+01 1.0899190565092599E+01 1295.5113212207873
1.0902739925560500E+01 1.0896547115809900E+01 1.0903669491783299E+01 1295.3801340317032
1.0903707404983599E+01 1.0899386942987300E+01 1.0900796696789101E+01 1295.4912971233555
1.0902036923547699E+01 1.0899640832693700E+01 1.0902370858937701E+01 1295.5100513504792
1.0904529719281500E+01 1.0899820782905900E+01 1.0899820799694600E+01 1295.5245750303284
1.0905406228326999E+01 1.0899213831492300E+01 1.0899213845565900E+01 1295.484420385229
1.0902208325377099E+01 1.0899338507618600E+01 1.0902095609407700E+01 1295.461777989251
1.0903498623030201E+01 1.0900049071035200E+01 1.0899871528008401E+01 1295.435234677895
1.0901477300826700E+01 1.0902119329504300E+01 1.0899803778278400E+01 1295.433028980406
1.0902215563515099E+01 1.0900775395843199E+01 1.0900653186031500E+01 1295.4620009352327
1.0901432420502800E+01 1.0898167634053500E+01 1.0901419860459800E+01 1295.1501413001567
1.0901203513457599E+01 1.0901253618514900E+01 1.0901253620771101E+01 1295.4699245560955
1.0901852684678600E+01 1.0901343854244100E+01 1.0900865651406400E+01 1295.5116861345655
1.0900212041975600E+01 1.0901482525147101E+01 1.0902351681184900E+01 1295.5097816260525
1.0899819957325299E+01 1.0900026934281600E+01 1.0903435914141500E+01 1295.4190243639596
1.0903179215519399E+01 1.0896193034099900E+01 1.0903059270399000E+01 1295.317735998854
1.0901887552522600E+01 1.0899317220646399E+01 1.0900486167395300E+01 1295.2298929844587
1.0898894866591901E+01 1.0901731087945400E+01 1.0903045165762199E+01 1295.465165721227
1.0899673585479000E+01 1.0899673591017301E+01 1.0904280290034301E+01 1295.4599500027075
1.0901511640160001E+01 1.0899505271528200E+01 1.0903162365282300E+01 1295.5255667956435
1.0900732552679701E+01 1.0902470584412200E+01 1.0899815325697100E+01 1295.3876368430547
1.0900296591673200E+01 1.0903045928323200E+01 1.0901268002629401E+01 1295.5768322390772
1.0898476542131000E+01 1.0899810948046600E+01 1.0905841351899902E+01 1295.5194418314884
1.0897609397192999E+01 1.0896473652237500E+01 1.0907821627266200E+01 1295.254882138345
1.0899917865105801E+01 1.0901769380634001E+01 1.0902236429320199E+01 1295.4952113796032
1.0900257774680300E+01 1.0900257775453200E+01 1.0903575779438500E+01 1295.5151116850498
1.0902571281251699E+01 1.0900461155245200E+01 1.0901316700103299E+01 1295.5457773674361
1.0901207537090100E+01 1.0902024937367999E+01 1.0902181271819600E+01 1295.6723107079945
1.0902003035889599E+01 1.0900513253501201E+01 1.0900570806631700E+01 1295.3958047407605
1.0901648863590902E+01 1.0900230556229500E+01 1.0900236388436200E+01 1295.2803881653317
1.0901025332675500E+01 1.0900027532111201E+01 1.0902368259507600E+01 1295.4354912638569
1.0900708282722800E+01 1.0900708289962900E+01 1.0903481665288000E+01 1295.611018882748
1.0900062092582001E+01 1.0900062174320100E+01 1.0903651006371399E+01 1295.4775452050405
1.0902339491882399E+01 1.0901546606198499E+01 1.0899962165056801E+01 1295.4862499797946
1.0902578668086500E+01 1.0902578654038701E+01 1.0898302417413699E+01 1295.4400286935163
1.0899712900655301E+01 1.0899712895830501E+01 1.0903603033916299E+01 1295.3888336880948
1.0898433700591699E+01 1.0898433933069001E+01 1.0901733864852501E+01 1294.8628115805514
1.0902859830346699E+01 1.0899599853455500E+01 1.0901899776986699E+01 1295.546985994799
1.0902356436644901E+01 1.0901112228513099E+01 1.0901112223537000E+01 1295.5733260079828
1.0902708418836900E+01 1.0899871095377700E+01 1.0902227829639701E+01 1295.600219356288
1.0903075459934501E+01 1.0899766914173499E+01 1.0900622048260001E+01 1295.4406194796968
1.0899586553545101E+01 1.0899830603555200E+01 1.0904573941838301E+01 1295.503154170416
1.0902834014066300E+01 1.0900163102784299E+01 1.0901851241810398E+01 1295.6050990091662
1.0904051509411600E+01 1.0900318669251901E+01 1.0900318661946599E+01 1295.5861104056394
1.0901850921672800E+01 1.0899773670471200E+01 1.0902564379645600E+01 1295.5267325812138
1.0905413034330500E+01 1.0899807653257101E+01 1.0898325366166500E+01 1295.4502000035448
1.0903596580728699E+01 1.0900674493141301E+01 1.0899688934713900E+01 1295.4995005795183
1.0903747944623300E+01 1.0897698671410399E+01 1.0902620901116000E+01 1295.5122090013715
1.0902536480214501E+01 1.0898002243541100E+01 1.0904096583697401E+01 1295.5796896799964
1.0905486507773601E+01 1.0899629687586600E+01 1.0899244062724501E+01 1295.5469779628118
1.0901804581137201E+01 1.0901846125495000E+01 1.0899420629557300E+01 1295.3939187091962
1.0903770595837900E+01 1.0895958747960499E+01 1.0898857206707302E+01 1294.8609053609941
1.0897275541409201E+01 1.0897322793150300E+01 1.0906479618040301E+01 1295.1567695916374
1.0901289013628199E+01 1.0901945215638397E+01 1.0899565014124500E+01 1295.3615901023684
1.0896315536239600E+01 1.0896315547565299E+01 1.0910594680611000E+01 1295.4115502067839
1.0902861051108800E+01 1.0900508108059800E+01 1.0900087342628600E+01 1295.4396860317906
1.0900901622526098E+01 1.0900901602048201E+01 1.0902306093584500E+01 1295.5172822795932
1.0904004938663601E+01 1.0898297659705900E+01 1.0898297666323201E+01 1295.1002004203506
