-67062.371487
-67062.339352
-67062.386551
-67062.368756
-67062.398668
-67062.392248
-67062.359568
-67062.337680
-67062.356714
-67062.369306
-67062.375923
-67062.374003
-67062.320889
-67062.349671
-67062.340130
-67062.356278
-67062.369698
-67062.369109
-67062.369182
-67062.380279
-67062.354283
-67062.368545
-67062.390089
-67062.377597
-67062.406693
-67062.388337
-67062.333861
-67062.366641
-67062.365565
-67062.382646
-67062.376000
-67062.408808
-67062.390690
-67062.394819
-67062.398879
-67062.386515
-67062.410053
-67062.336844
-67062.348655
-67062.358184
-67062.328298
-67062.357323
-67062.366956
-67062.379342
-67062.357934
-67062.366106
-67062.374100
-67062.386323
-67062.368352
-67062.364305
-67062.358507
-67062.417446
-67062.397660
-67062.428996
-67062.406224
-67062.419877
-67062.419061
-67062.428970
-67062.423675
-67062.437775
-67062.401460
-67062.432444
-67062.441454
-67062.397069
-67062.407486
-67062.421281
-67062.401202
-67062.357008
-67062.356038
-67062.376427
-67062.371699
-67062.398754
-67062.406658
-67062.411142
-67062.428713
-67062.405698
-67062.366283
-67062.364865
-67062.364411
-67062.391502
-67062.375298
-67062.412435
-67062.396913
-67062.425296
-67062.441716
-67062.418629
-67062.424180
-67062.413106
-67062.440602
-67062.414499
-67062.440960
-67062.472121
-67062.469586
-67062.345446
-67062.403912
-67062.450684
-67062.478607
