           8 substitutions in          16 sites
          97 configurations
     1     48    9   10   11   12   13   14   15   16
     2     96    8   10   11   12   13   14   15   16
     3    192    7   10   11   12   13   14   15   16
     4    192    7    9   10   12   13   14   15   16
     5    192    7    9   10   11   12   14   15   16
     6    192    7    9   10   11   12   13   15   16
     7     96    7    8   11   12   13   14   15   16
     8    192    7    8   10   12   13   14   15   16
     9    192    7    8   10   11   13   14   15   16
    10     96    7    8   10   11   12   14   15   16
    11    192    7    8   10   11   12   13   15   16
    12    192    7    8   10   11   12   13   14   15
    13     48    7    8    9   10   13   14   15   16
    14    192    7    8    9   10   12   14   15   16
    15    192    7    8    9   10   12   13   15   16
    16    192    7    8    9   10   12   13   14   16
    17    192    7    8    9   10   12   13   14   15
    18    192    7    8    9   10   11   12   15   16
    19     96    7    8    9   10   11   12   14   16
    20     96    7    8    9   10   11   12   14   15
    21     96    7    8    9   10   11   12   13   16
    22    192    6    7   11   12   13   14   15   16
    23    192    6    7   10   11   12   13   15   16
    24     96    6    7   10   11   12   13   14   15
    25     48    6    7    9   11   12   13   14   16
    26     96    6    7    9   10   11   12   14   15
    27     12    6    7    8    9   10   11   13   14
    28     96    4    7   11   12   13   14   15   16
    29     96    4    7   10   12   13   14   15   16
    30     96    4    7   10   11   13   14   15   16
    31    192    4    7   10   11   12   14   15   16
    32    192    4    7   10   11   12   13   15   16
    33    192    4    7   10   11   12   13   14   16
    34    192    4    7   10   11   12   13   14   15
    35    192    4    7    9   10   11   12   15   16
    36     48    4    7    9   10   11   12   14   15
    37     48    4    7    9   10   11   12   13   16
    38    192    4    7    8   12   13   14   15   16
    39    192    4    7    8   11   12   14   15   16
    40    192    4    7    8   11   12   13   15   16
    41     24    4    7    8   10   12   14   15   16
    42    192    4    7    8   10   12   13   15   16
    43     96    4    7    8   10   12   13   14   15
    44     96    4    7    8   10   11   13   15   16
    45     48    4    7    8   10   11   13   14   16
    46     96    4    7    8   10   11   12   15   16
    47    192    4    7    8   10   11   12   13   16
    48    192    4    7    8   10   11   12   13   15
    49    192    4    7    8   10   11   12   13   14
    50     48    4    7    8    9   10   11   12   16
    51     96    4    7    8    9   10   11   12   15
    52    192    4    6    9   12   13   14   15   16
    53    192    4    6    9   11   13   14   15   16
    54    192    4    6    9   11   12   14   15   16
    55     48    4    6    9   11   12   13   15   16
    56    192    4    6    9   11   12   13   14   16
    57    192    4    6    9   10   13   14   15   16
    58     96    4    6    9   10   12   14   15   16
    59    192    4    6    9   10   12   13   15   16
    60    192    4    6    9   10   12   13   14   16
    61    192    4    6    9   10   12   13   14   15
    62    192    4    6    9   10   11   14   15   16
    63    192    4    6    9   10   11   13   15   16
    64    192    4    6    9   10   11   13   14   15
    65     96    4    6    9   10   11   12   14   15
    66    192    4    6    9   10   11   12   13   16
    67    192    4    6    9   10   11   12   13   15
    68     96    4    6    8   12   13   14   15   16
    69     96    4    6    8   11   13   14   15   16
    70    192    4    6    8   10   13   14   15   16
    71     96    4    6    8   10   12   13   14   15
    72     96    4    6    8   10   11   13   15   16
    73    192    4    6    8    9   13   14   15   16
    74     96    4    6    8    9   12   13   14   16
    75     96    4    6    8    9   10   13   15   16
    76     24    4    6    8    9   10   11   13   15
    77     96    4    6    7   12   13   14   15   16
    78     96    4    6    7   11   13   14   15   16
    79     48    4    6    7   10   13   14   15   16
    80    192    4    6    7   10   12   13   15   16
    81    192    4    6    7   10   12   13   14   15
    82     96    4    6    7   10   11   13   15   16
    83     96    4    6    7    9   13   14   15   16
    84    192    4    6    7    9   12   14   15   16
    85    192    4    6    7    9   12   13   14   16
    86    192    4    6    7    9   11   13   14   16
    87     96    4    6    7    9   10   13   15   16
    88     96    4    6    7    9   10   12   15   16
    89    192    4    6    7    9   10   12   13   16
    90     48    4    6    7    9   10   12   13   14
    91     96    4    6    7    9   10   11   13   16
    92     48    4    5    6    9   10   13   15   16
    93     96    4    5    6    9   10   12   13   16
    94      6    3    4    6    7   10   12   14   15
    95     24    3    4    6    7   10   12   13   16
    96     48    3    4    6    7   10   11   15   16
    97     12    3    4    5    7   10   11   13   16
