-657.5378219530921 -657.5384356539253 -657.5384727893479 -657.5381670641159 -662.2296738682944 -652.1108076507985 -652.1102872496276 -662.2294435142285 
-660.8896406533659 -657.5301383159381 -657.2925217168904 -659.3425814960701 -660.8899429638195 -659.3424752974806 -657.5301030285418 -653.8515460919475 
-656.8799943675963 -658.4776452338219 -656.215484634843 -658.4089619088804 -659.3760296352898 -654.7000597208407 -652.3398553022753 -652.0570771171388 
-658.5595803652009 -657.4896399416712 -659.4783408595149 -656.4531662288573 -658.6367070746633 -652.2083978120345 -654.0886251642978 -660.5307247282744 
-658.6403446239083 -657.9578626881807 -652.0670374661818 -655.8246203302697 -659.233725825773 -652.1227577773052 -652.0664859749686 -660.7543719211117 
-657.2413728859788 -661.0378426852712 -658.6550074005058 -657.3043117826505 -658.7602751926656 -659.180533389188 -651.7870635965437 -659.3686703661274 
-656.3303423131929 -661.0949317674949 -658.4966281314546 -658.4964925695795 -651.406636937324 -660.1146181519503 -660.1150679962602 -651.4069056909557 
-657.980288375682 -660.9098299225584 -659.4805116323532 -657.8343823806472 -659.3237368958698 -659.9847247653374 -659.9174467671965 -653.8004749866827 
-658.5472263543861 -661.4066633616962 -658.4079115825984 -655.9435037145904 -661.1016832890127 -654.0578940533828 -658.495883281119 -652.0030325618945 
-658.029922063014 -661.3356363251146 -652.6172376350132 -655.570345269703 -661.6153414955834 -660.5935534367159 -658.0121634335355 -652.3596912034914 
-655.7284233995215 -654.8161450173934 -659.1004186655273 -657.186842294589 -652.0728398739443 -659.7471961359761 -657.5196939249104 -652.5881949061386 
-658.5341825763239 -661.638120599674 -658.3750626079814 -659.1405847426113 -658.1042520743226 -660.3010168051255 -660.6219624411588 -658.7033208063508 
-660.4616227827951 -660.3679039265853 -659.3584048869684 -659.3584781096342 -659.6051359395751 -659.5625882914678 -659.5627081066477 -659.6054814132053 
-660.0919907828684 -661.4404243689787 -657.7205004899988 -653.7706210835577 -658.9450746658158 -658.260360439499 -659.774455453402 -660.8733165214053 
-658.6137506270125 -653.4213206734858 -660.167797709013 -659.1773095134045 -657.1975169109983 -658.4761228345351 -658.9120317541215 -660.1836629878649 
-657.9059639274728 -654.1971899300934 -658.2668993382499 -653.7196295758449 -657.1187806191383 -658.869045733094 -656.8302944742927 -661.2598202354743 
-651.6286605661162 -661.3767282309882 -651.929851661152 -659.8400442502661 -655.557793262898 -659.2566553824245 -657.9684183468535 -660.5706445669139 
-657.3242821074159 -654.1211584789826 -659.8798373558111 -652.375726306454 -655.765854911916 -660.9345146245623 -656.3828164306537 -660.1169579078373 
-657.992334848841 -654.2521502380705 -657.6116956402848 -654.2239317984095 -657.0576687883231 -659.6282955849338 -657.0625511829248 -659.8606201294378 
-659.7749875089353 -662.6976164494531 -651.4336133220036 -651.4339491907685 -658.1023545606058 -658.1017480741643 -657.8178003785588 -657.8181847233168 
-656.4706312050148 -646.5939506164009 -660.4935782208468 -660.4938217922513 -658.4314334540768 -658.4309480449547 -659.3563756473059 -659.3561795063315 
-660.3974335259463 -656.613390610958 -658.7961751703142 -658.3006315506641 -651.081374104423 -654.0901411923951 -660.6781043900187 -658.3558143941791 
-661.7942807659851 -656.4800213542903 -659.6344619040428 -657.9470711930526 -652.8545583759969 -658.9685051686347 -658.8774579207184 -659.3605955390517 
-653.9867284067723 -658.3875463718387 -658.5215591188089 -658.4899589950492 -658.5902600272634 -659.3423987101573 -654.1359642481566 -658.6389679649546 
-652.2365372399413 -656.8468330737192 -656.861450896301 -652.3072235891827 -656.9160002607932 -652.2880947950648 -652.4222548415619 -657.0820238560282 
-660.1724354825283 -660.173133162456 -658.6839025747913 -651.5875742112125 -658.6869078955015 -658.5528991029564 -651.587043379966 -658.5537834094589 
-659.7345110787674 -659.7317328451459 -659.7665298134884 -659.7410312979787 -659.7313704728449 -659.7381214542347 -659.7634219024749 -659.7350867919536 
-661.3766708784892 -657.6500011342341 -658.319598671394 -658.3193498264791 -657.8713900613361 -653.589432126757 -653.5897961347455 -657.8718387172116 
-659.2336266730435 -659.2339592080361 -657.897854333683 -657.8980441278054 -656.8728923111639 -654.240682918858 -654.2407929117007 -660.6415160860097 
-659.5775729471252 -659.5776835017468 -656.6663362658301 -656.6665063667256 -658.6870395941123 -647.6192747596742 -652.4689115171873 -658.6873422782382 
-660.3519729184691 -658.3888626420153 -658.5701686849916 -655.3439637568094 -660.904084272082 -654.2072109075289 -651.7562675641525 -658.7265999789697 
-658.8413735914846 -656.6670879744429 -657.710616230861 -658.0860420106383 -652.6183821266304 -657.4498010782986 -651.9243356182724 -659.6938123633981 
-659.0440690933224 -657.0231910994512 -658.7407818913289 -659.6535322528994 -658.6409666246814 -656.6911483936083 -654.3056576898616 -658.6530060728746 
-651.8142705756431 -659.1062015833154 -655.7555335956204 -658.7327646264598 -657.7498874109892 -657.3567308636248 -654.4432108071014 -652.2260462026416 
-658.8035763744588 -658.7334584488049 -658.4351223022595 -660.1524888602085 -656.6696670627152 -662.1693177846 -651.8886414884964 -659.0740574105521 
-660.875706416793 -660.8760506238232 -658.4364771265568 -658.4367914659915 -658.4371442183638 -658.4366736461452 -652.0502027909638 -652.0533818661215 
-657.075307242043 -657.076001683622 -660.1243119141141 -660.1266902757343 -660.1249793846882 -660.1266419587719 -658.119800839846 -658.1187325457245 
-660.8793879308882 -658.7930595034686 -660.5008022433149 -657.9063779143326 -657.9973192683801 -660.3814305522642 -653.3777144260671 -660.6522655458184 
-653.5425396749333 -658.500520816423 -660.321897431274 -657.8068914787377 -660.6005707759005 -660.5236862247611 -660.1302561572793 -657.6567614962728 
-660.572271897674 -655.9862745963051 -653.726982360336 -658.8763071466087 -651.7694990942068 -658.5589822635584 -659.7589224017174 -658.8025222788074 
-660.3776221568742 -660.3781100517754 -660.8563623428217 -660.6727007480149 -660.6725521311632 -660.3774024077084 -660.3782629271564 -660.854306738041 
-658.2706364796695 -658.3329773171436 -653.7998560117176 -658.1914685877618 -651.1186684526215 -657.4419974389803 -659.6796530053794 -661.5580827365093 
-651.810094355601 -651.8101366677579 -660.7771393839757 -657.6902493473426 -657.6901158937253 -657.0140932147656 -660.9751859840562 -660.9757150463274 
-658.0716196039575 -658.0715675021961 -654.2540055455497 -657.1997573299741 -657.1998541541598 -659.7072757258352 -657.7110869614908 -659.7074930995832 
-658.6247764461859 -658.6245897724289 -653.3543600078187 -658.5727225070023 -658.5734034029515 -658.7666401258903 -653.7987482448061 -658.7673737060923 
-659.7812205576593 -657.0980386826723 -654.236774967701 -659.5582729555422 -655.9409998025199 -654.3666037053436 -657.2539460850394 -659.6041160203727 
-657.889622953247 -655.5535663734822 -647.0908761793321 -658.975524968766 -659.623543981942 -652.0691349589142 -657.6775617348608 -659.8604476586706 
-650.8887331050278 -658.0573405671848 -654.3595103968105 -656.069770585922 -659.48588122198 -651.0532616399187 -657.8353920827008 -657.7940859521436 
-651.618330139032 -657.7154253293093 -653.4766767760066 -656.9065053971863 -660.7917464664474 -657.4995323419707 -657.9005323874512 -659.6984910775045 
-657.6255535897271 -657.6259625137873 -646.6314834348022 -657.6268976296124 -661.7357773823178 -657.6277489851909 -661.7352198118838 -659.4763238473188 
-660.0620882375492 -660.0626832271514 -653.8803683882834 -659.6977701003652 -658.4357192147445 -658.435808910961 -659.6977679212105 -657.2342353954914 
-648.8778611804428 -647.8087959891486 -647.0744023622537 -657.8768967979277 -661.3382578303349 -652.867647625284 -655.0708725816921 -642.3719660476281 
-648.372937687288 -648.5665200210397 -648.2378390485387 -660.3085417575435 -654.1067039839763 -654.4922107607631 -660.9721724337833 -649.4384959413192 
-642.0307163010821 -648.5561312334735 -646.8559770767415 -661.1971532723292 -651.492044340042 -652.0989363792264 -661.2174377795691 -650.0619727156077 
-648.8706583803141 -648.9489658980874 -649.0393990163352 -660.561005804333 -660.5348489075072 -660.6099030664172 -660.6283364784081 -649.2550180017233 
-648.4984669670212 -641.8522326578386 -648.1690439075765 -654.5415789240687 -657.8731822765417 -660.915560643044 -652.0993246621601 -648.8164850837038 
-647.3827830726527 -648.497797647482 -649.2289567129455 -658.4888896932216 -652.1005690475295 -654.7049255666311 -661.6781403280525 -642.1908241104411 
-648.9007415336528 -648.900831761975 -647.0102611677557 -661.7599143684579 -651.9348269145789 -651.934882816503 -661.7600291149156 -642.8865805005912 
-647.8379258493633 -649.0915201981534 -649.6182498779708 -659.4537833269765 -660.659687912866 -659.426748497468 -661.7169948229111 -642.2904080803837 
-647.2522849940901 -642.2200072186984 -647.5989256880125 -652.3941519943614 -658.8670063460681 -659.6086468954359 -652.4065589837369 -642.4120050799261 
-657.0144022324148 -658.7919662138793 -657.4090623259963 -658.7319091284653 -658.2560891047137 -660.4249201697148 -651.8635031127296 -661.4589479055239 
-649.4095864692872 -648.6107601746489 -648.6098888481533 -658.6395880153223 -659.174223016661 -655.0511990992591 -659.646148990932 -651.0655406531405 
-647.4270085793432 -649.1032669443043 -643.0356742788185 -656.9911551585587 -659.8386947601739 -653.5295332641836 -659.5138623541966 -650.4466617204389 
-656.2817870294148 -657.9227167788176 -659.0244861527235 -655.2868926367928 -652.3151322149765 -652.8222624492555 -654.1069414411354 -658.6185831856901 
-658.3117844433982 -658.3117594980754 -657.7179378478895 -658.4825181695041 -651.8655316601885 -651.4354233828649 -651.4355109069038 -658.4827014237526 
-647.9116671021129 -642.5799688061597 -649.5479032457324 -659.2987860494522 -661.790093870251 -661.2922974333424 -659.6634951658816 -649.143296174741 
-656.4543810700598 -658.6938234782756 -660.0834549567935 -656.6911570415714 -652.764859045672 -660.7311127798926 -660.9527234076804 -658.0992633886162 
-658.6036478913984 -657.3972736250425 -658.7356007976878 -660.2626142466415 -660.5818138396148 -660.4161541602075 -651.4523138683771 -651.2498571791048 
-658.2676443206055 -656.7899742739 -658.3401485009208 -660.7190785273315 -653.7054007732618 -653.9892712990268 -657.9416135162637 -658.220432225191 
-656.7943609820559 -656.5476879423977 -658.7126805378621 -657.5823309485149 -651.5408432004851 -653.971863222615 -658.6002848160415 -651.5421947767454 
-658.8270948712161 -658.8271133878679 -659.8651261991236 -658.4098928889725 -660.6818670507218 -659.8626713064568 -660.6821688228661 -658.4104350715074 
-656.5596754454232 -656.5595914733995 -652.966004694028 -656.5072522265855 -660.8111112343172 -652.9656888185264 -656.5071498425673 -660.632941351907 
-648.7101657822018 -647.2259302145612 -659.6728085551908 -649.224222898546 -654.7402733760546 -661.0990485785783 -652.1945954528173 -642.3837581779662 
-648.978277605836 -648.9782024218257 -662.3741805981081 -648.6737953682127 -659.0493505228569 -662.374450633582 -659.0496727197988 -642.8984014254456 
-646.4256899635193 -646.4259081253949 -652.6718880920644 -643.5926302643074 -658.9167638430022 -652.6716315304338 -658.9171477722712 -642.6323871278164 
-655.5094117815242 -655.5094039861083 -653.2892852428131 -653.573931236167 -655.50965700087 -653.5742055859787 -653.2892403426899 -655.5097308392305 
-659.2206935091972 -658.0355588777284 -659.2208201385256 -658.0348831526499 -657.8239818889651 -654.271754564692 -654.2760057552241 -657.8236116001822 
-659.308405349997 -658.6075753194559 -659.3082884013902 -658.6078151577804 -660.7040196046796 -647.1164522406016 -660.7752771017813 -656.6242823060111 
-657.4812380969847 -657.6282956060659 -661.4472840552053 -657.6272250004545 -658.2508283735201 -647.0313244930526 -661.5042432741388 -658.2493392747183 
-656.6731395692582 -659.0925361365571 -658.2504055767959 -659.0803479487458 -651.5680190601593 -657.0393439976324 -661.0117498451814 -659.1127225257651 
-659.1876477870155 -660.8462624989897 -651.5737253807865 -658.1219299957038 -658.1390263270023 -656.7268309877372 -654.2018990292463 -661.7106707689154 
-657.1436915620588 -659.8369833433985 -659.0727623804642 -657.7412317960948 -658.6388250290738 -660.2838078296827 -659.432504102022 -658.6210868637982 
-649.6850761145452 -648.2101093498331 -662.124334458189 -648.2096849415693 -661.10032120196 -654.1794373637122 -654.1795111546649 -648.6485696150039 
-642.1480474686387 -648.1336050151886 -661.6127415444093 -647.1921743251005 -658.6840540585104 -652.8306664037223 -655.1983186631583 -649.3783730039536 
-649.0231544223807 -642.4278815227344 -659.260434097001 -648.4610569962942 -657.4566079304432 -659.9867687136193 -652.9087235985821 -649.6586293868868 
-649.0225333868511 -642.7979105239788 -659.284175353997 -648.3453301959707 -652.0442372664761 -661.3325911835282 -654.5595546545101 -647.20855556677 
-647.5890848450686 -649.0585799945893 -661.6811262945371 -643.540332732256 -659.0862536559007 -659.1585115520784 -661.682474532488 -649.3489044407488 
-649.3235903581203 -649.4208184214567 -661.3078306622951 -649.3080099125395 -661.7556364854781 -661.3157276032862 -661.9003152669061 -649.870542772052 
-647.2572973085025 -642.7722738400089 -659.5551694500518 -650.4278421291069 -653.1586782982863 -659.6688962016683 -657.4787573907979 -649.4936498994794 
-656.7792994373021 -651.7649930388957 -651.7232555751443 -656.9109183736159 -651.6145982407261 -656.8313707285979 -658.1205612238527 -651.6461345525549 
-647.2158462420493 -643.1354982385647 -659.368203689573 -642.5923191861434 -659.6681981861234 -659.6310692924394 -659.8638700026413 -648.1805380836081 
-638.9182974302071 -643.0135282665769 -649.3106541943971 -643.0131168998732 -649.3108196999265 -642.9769887474172 -662.5351337623538 -642.977056433208 
-638.5567993057684 -642.4722631805066 -642.7065318327041 -648.9756082239487 -642.702304862285 -661.2652692381466 -649.1874081972073 -642.3878826914092 
-661.420976872636 -661.4217743329582 -661.4209986809556 -661.421312171627 -661.4210602862308 -661.4209797704857 -661.4209856484736 -661.4218213429917 
-652.5932802111652 -656.0705075963979 -652.5935557134194 -656.0704356925316 -652.5930507534567 -652.593197582984 -656.4350264318923 -656.4361948991586 
-642.0201731369898 -659.4183383037907 -659.4181226227975 -642.020248033466 -659.4336086481317 -648.0242113806376 -659.4334335094654 -648.9242682490885 
-650.0113393358788 -650.1269008570725 -650.0113856218481 -650.1267515371965 -650.0111868186223 -650.0115733074103 -650.3296655279028 -650.3298327140687 
