         128          16
           1           2           3           4           5           6           7           8           9          10          11          12          13          14          15          16
           2           1           4           3           6           5           8           7          10           9          12          11          14          13          16          15
           3           4           1           2           7           8           5           6          11          12           9          10          15          16          13          14
           4           3           2           1           8           7           6           5          12          11          10           9          16          15          14          13
           5           6           7           8           1           2           3           4          13          14          15          16           9          10          11          12
           6           5           8           7           2           1           4           3          14          13          16          15          10           9          12          11
           7           8           5           6           3           4           1           2          15          16          13          14          11          12           9          10
           8           7           6           5           4           3           2           1          16          15          14          13          12          11          10           9
           1           2           3           4           5           6           7           8          15          16          13          14          11          12           9          10
           2           1           4           3           6           5           8           7          16          15          14          13          12          11          10           9
           3           4           1           2           7           8           5           6          13          14          15          16           9          10          11          12
           4           3           2           1           8           7           6           5          14          13          16          15          10           9          12          11
           5           6           7           8           1           2           3           4          11          12           9          10          15          16          13          14
           6           5           8           7           2           1           4           3          12          11          10           9          16          15          14          13
           7           8           5           6           3           4           1           2           9          10          11          12          13          14          15          16
           8           7           6           5           4           3           2           1          10           9          12          11          14          13          16          15
           9          10          13          14          11          12          15          16           4           3           8           7           2           1           6           5
          10           9          14          13          12          11          16          15           3           4           7           8           1           2           5           6
          11          12          15          16           9          10          13          14           2           1           6           5           4           3           8           7
          12          11          16          15          10           9          14          13           1           2           5           6           3           4           7           8
          13          14           9          10          15          16          11          12           8           7           4           3           6           5           2           1
          14          13          10           9          16          15          12          11           7           8           3           4           5           6           1           2
          15          16          11          12          13          14           9          10           6           5           2           1           8           7           4           3
          16          15          12          11          14          13          10           9           5           6           1           2           7           8           3           4
           9          10          13          14          11          12          15          16           6           5           2           1           8           7           4           3
          10           9          14          13          12          11          16          15           5           6           1           2           7           8           3           4
          11          12          15          16           9          10          13          14           8           7           4           3           6           5           2           1
          12          11          16          15          10           9          14          13           7           8           3           4           5           6           1           2
          13          14           9          10          15          16          11          12           2           1           6           5           4           3           8           7
          14          13          10           9          16          15          12          11           1           2           5           6           3           4           7           8
          15          16          11          12          13          14           9          10           4           3           8           7           2           1           6           5
          16          15          12          11          14          13          10           9           3           4           7           8           1           2           5           6
           9          10          11          12          13          14          15          16           3           4           1           2           7           8           5           6
          10           9          12          11          14          13          16          15           4           3           2           1           8           7           6           5
          11          12           9          10          15          16          13          14           1           2           3           4           5           6           7           8
          12          11          10           9          16          15          14          13           2           1           4           3           6           5           8           7
          13          14          15          16           9          10          11          12           7           8           5           6           3           4           1           2
          14          13          16          15          10           9          12          11           8           7           6           5           4           3           2           1
          15          16          13          14          11          12           9          10           5           6           7           8           1           2           3           4
          16          15          14          13          12          11          10           9           6           5           8           7           2           1           4           3
           9          10          11          12          13          14          15          16           5           6           7           8           1           2           3           4
          10           9          12          11          14          13          16          15           6           5           8           7           2           1           4           3
          11          12           9          10          15          16          13          14           7           8           5           6           3           4           1           2
          12          11          10           9          16          15          14          13           8           7           6           5           4           3           2           1
          13          14          15          16           9          10          11          12           1           2           3           4           5           6           7           8
          14          13          16          15          10           9          12          11           2           1           4           3           6           5           8           7
          15          16          13          14          11          12           9          10           3           4           1           2           7           8           5           6
          16          15          14          13          12          11          10           9           4           3           2           1           8           7           6           5
           1           2           5           6           3           4           7           8          10           9          14          13          12          11          16          15
           2           1           6           5           4           3           8           7           9          10          13          14          11          12          15          16
           3           4           7           8           1           2           5           6          12          11          16          15          10           9          14          13
           4           3           8           7           2           1           6           5          11          12          15          16           9          10          13          14
           5           6           1           2           7           8           3           4          14          13          10           9          16          15          12          11
           6           5           2           1           8           7           4           3          13          14           9          10          15          16          11          12
           7           8           3           4           5           6           1           2          16          15          12          11          14          13          10           9
           8           7           4           3           6           5           2           1          15          16          11          12          13          14           9          10
           1           2           5           6           3           4           7           8          16          15          12          11          14          13          10           9
           2           1           6           5           4           3           8           7          15          16          11          12          13          14           9          10
           3           4           7           8           1           2           5           6          14          13          10           9          16          15          12          11
           4           3           8           7           2           1           6           5          13          14           9          10          15          16          11          12
           5           6           1           2           7           8           3           4          12          11          16          15          10           9          14          13
           6           5           2           1           8           7           4           3          11          12          15          16           9          10          13          14
           7           8           3           4           5           6           1           2          10           9          14          13          12          11          16          15
           8           7           4           3           6           5           2           1           9          10          13          14          11          12          15          16
           1           2           3           4           5           6           7           8          16          15          14          13          12          11          10           9
           2           1           4           3           6           5           8           7          15          16          13          14          11          12           9          10
           3           4           1           2           7           8           5           6          14          13          16          15          10           9          12          11
           4           3           2           1           8           7           6           5          13          14          15          16           9          10          11          12
           5           6           7           8           1           2           3           4          12          11          10           9          16          15          14          13
           6           5           8           7           2           1           4           3          11          12           9          10          15          16          13          14
           7           8           5           6           3           4           1           2          10           9          12          11          14          13          16          15
           8           7           6           5           4           3           2           1           9          10          11          12          13          14          15          16
           1           2           3           4           5           6           7           8          10           9          12          11          14          13          16          15
           2           1           4           3           6           5           8           7           9          10          11          12          13          14          15          16
           3           4           1           2           7           8           5           6          12          11          10           9          16          15          14          13
           4           3           2           1           8           7           6           5          11          12           9          10          15          16          13          14
           5           6           7           8           1           2           3           4          14          13          16          15          10           9          12          11
           6           5           8           7           2           1           4           3          13          14          15          16           9          10          11          12
           7           8           5           6           3           4           1           2          16          15          14          13          12          11          10           9
           8           7           6           5           4           3           2           1          15          16          13          14          11          12           9          10
           9          10          13          14          11          12          15          16           5           6           1           2           7           8           3           4
          10           9          14          13          12          11          16          15           6           5           2           1           8           7           4           3
          11          12          15          16           9          10          13          14           7           8           3           4           5           6           1           2
          12          11          16          15          10           9          14          13           8           7           4           3           6           5           2           1
          13          14           9          10          15          16          11          12           1           2           5           6           3           4           7           8
          14          13          10           9          16          15          12          11           2           1           6           5           4           3           8           7
          15          16          11          12          13          14           9          10           3           4           7           8           1           2           5           6
          16          15          12          11          14          13          10           9           4           3           8           7           2           1           6           5
           9          10          13          14          11          12          15          16           3           4           7           8           1           2           5           6
          10           9          14          13          12          11          16          15           4           3           8           7           2           1           6           5
          11          12          15          16           9          10          13          14           1           2           5           6           3           4           7           8
          12          11          16          15          10           9          14          13           2           1           6           5           4           3           8           7
          13          14           9          10          15          16          11          12           7           8           3           4           5           6           1           2
          14          13          10           9          16          15          12          11           8           7           4           3           6           5           2           1
          15          16          11          12          13          14           9          10           5           6           1           2           7           8           3           4
          16          15          12          11          14          13          10           9           6           5           2           1           8           7           4           3
           9          10          11          12          13          14          15          16           6           5           8           7           2           1           4           3
          10           9          12          11          14          13          16          15           5           6           7           8           1           2           3           4
          11          12           9          10          15          16          13          14           8           7           6           5           4           3           2           1
          12          11          10           9          16          15          14          13           7           8           5           6           3           4           1           2
          13          14          15          16           9          10          11          12           2           1           4           3           6           5           8           7
          14          13          16          15          10           9          12          11           1           2           3           4           5           6           7           8
          15          16          13          14          11          12           9          10           4           3           2           1           8           7           6           5
          16          15          14          13          12          11          10           9           3           4           1           2           7           8           5           6
           9          10          11          12          13          14          15          16           4           3           2           1           8           7           6           5
          10           9          12          11          14          13          16          15           3           4           1           2           7           8           5           6
          11          12           9          10          15          16          13          14           2           1           4           3           6           5           8           7
          12          11          10           9          16          15          14          13           1           2           3           4           5           6           7           8
          13          14          15          16           9          10          11          12           8           7           6           5           4           3           2           1
          14          13          16          15          10           9          12          11           7           8           5           6           3           4           1           2
          15          16          13          14          11          12           9          10           6           5           8           7           2           1           4           3
          16          15          14          13          12          11          10           9           5           6           7           8           1           2           3           4
           1           2           5           6           3           4           7           8          15          16          11          12          13          14           9          10
           2           1           6           5           4           3           8           7          16          15          12          11          14          13          10           9
           3           4           7           8           1           2           5           6          13          14           9          10          15          16          11          12
           4           3           8           7           2           1           6           5          14          13          10           9          16          15          12          11
           5           6           1           2           7           8           3           4          11          12          15          16           9          10          13          14
           6           5           2           1           8           7           4           3          12          11          16          15          10           9          14          13
           7           8           3           4           5           6           1           2           9          10          13          14          11          12          15          16
           8           7           4           3           6           5           2           1          10           9          14          13          12          11          16          15
           1           2           5           6           3           4           7           8           9          10          13          14          11          12          15          16
           2           1           6           5           4           3           8           7          10           9          14          13          12          11          16          15
           3           4           7           8           1           2           5           6          11          12          15          16           9          10          13          14
           4           3           8           7           2           1           6           5          12          11          16          15          10           9          14          13
           5           6           1           2           7           8           3           4          13          14           9          10          15          16          11          12
           6           5           2           1           8           7           4           3          14          13          10           9          16          15          12          11
           7           8           3           4           5           6           1           2          15          16          11          12          13          14           9          10
           8           7           4           3           6           5           2           1          16          15          12          11          14          13          10           9
