           8  substitutions in           16 sites
                  180  configurations
     1      2    1    2    3    4    5    6    7    8
     2     64    1    2    3    4    5    6    7    9
     3     64    1    2    3    4    5    6    7   11
     4     16    1    2    3    4    5    6    9   10
     5     64    1    2    3    4    5    6    9   11
     6     64    1    2    3    4    5    6    9   12
     7     16    1    2    3    4    5    6    9   15
     8     16    1    2    3    4    5    6    9   16
     9     16    1    2    3    4    5    6   11   12
    10     16    1    2    3    4    5    6   11   13
    11     16    1    2    3    4    5    6   11   14
    12     64    1    2    3    4    5    7    9   10
    13     64    1    2    3    4    5    7    9   11
    14     64    1    2    3    4    5    7    9   12
    15     64    1    2    3    4    5    7    9   13
    16     64    1    2    3    4    5    7    9   14
    17     64    1    2    3    4    5    7    9   15
    18     64    1    2    3    4    5    7    9   16
    19     64    1    2    3    4    5    8    9   10
    20     64    1    2    3    4    5    8    9   11
    21     64    1    2    3    4    5    8    9   12
    22     64    1    2    3    4    5    8    9   13
    23     64    1    2    3    4    5    8    9   14
    24     64    1    2    3    4    5    8    9   15
    25     64    1    2    3    4    5    8    9   16
    26    128    1    2    3    4    5    9   10   11
    27    128    1    2    3    4    5    9   10   13
    28    128    1    2    3    4    5    9   10   15
    29    128    1    2    3    4    5    9   11   12
    30    128    1    2    3    4    5    9   11   13
    31    128    1    2    3    4    5    9   11   14
    32    128    1    2    3    4    5    9   11   15
    33    128    1    2    3    4    5    9   11   16
    34    128    1    2    3    4    5    9   12   13
    35    128    1    2    3    4    5    9   12   14
    36    128    1    2    3    4    5    9   12   15
    37    128    1    2    3    4    5    9   12   16
    38    128    1    2    3    4    5    9   13   14
    39    128    1    2    3    4    5   11   12   13
    40      8    1    2    3    4    9   10   11   12
    41     64    1    2    3    4    9   10   11   13
    42     64    1    2    3    4    9   10   11   14
    43     64    1    2    3    4    9   10   11   15
    44     64    1    2    3    4    9   10   11   16
    45      8    1    2    3    4    9   10   13   14
    46     64    1    2    3    4    9   10   13   15
    47     64    1    2    3    4    9   10   13   16
    48     16    1    2    3    4    9   10   15   16
    49     16    1    2    3    4    9   11   13   15
    50     64    1    2    3    4    9   11   13   16
    51     16    1    2    3    4    9   11   14   16
    52     16    1    2    3    4    9   12   13   16
    53     16    1    2    3    4    9   12   14   15
    54     16    1    2    3    5    7    8    9   10
    55     64    1    2    3    5    7    8    9   11
    56     64    1    2    3    5    7    8    9   12
    57     16    1    2    3    5    7    8    9   15
    58     16    1    2    3    5    7    8    9   16
    59     16    1    2    3    5    7    8   11   12
    60     16    1    2    3    5    7    8   11   13
    61     16    1    2    3    5    7    8   11   14
    62    128    1    2    3    5    7    9   10   11
    63     64    1    2    3    5    7    9   10   15
    64    128    1    2    3    5    7    9   11   12
    65     64    1    2    3    5    7    9   11   13
    66    128    1    2    3    5    7    9   11   14
    67     64    1    2    3    5    7    9   11   15
    68    128    1    2    3    5    7    9   11   16
    69     64    1    2    3    5    7    9   12   14
    70     64    1    2    3    5    7    9   12   15
    71     64    1    2    3    5    7   11   12   13
    72    128    1    2    3    5    8    9   10   11
    73     64    1    2    3    5    8    9   10   15
    74    128    1    2    3    5    8    9   11   12
    75     64    1    2    3    5    8    9   11   13
    76    128    1    2    3    5    8    9   11   14
    77     64    1    2    3    5    8    9   11   15
    78    128    1    2    3    5    8    9   11   16
    79     64    1    2    3    5    8    9   12   14
    80     64    1    2    3    5    8    9   12   15
    81     64    1    2    3    5    8   11   12   13
    82     64    1    2    3    5    9   10   11   13
    83     64    1    2    3    5    9   10   11   14
    84    128    1    2    3    5    9   10   11   15
    85    128    1    2    3    5    9   10   11   16
    86     16    1    2    3    5    9   10   15   16
    87    128    1    2    3    5    9   11   12   13
    88    128    1    2    3    5    9   11   12   14
    89     64    1    2    3    5    9   11   12   16
    90     32    1    2    3    5    9   11   13   15
    91     64    1    2    3    5    9   11   13   16
    92     64    1    2    3    5    9   11   14   15
    93     64    1    2    3    5    9   11   14   16
    94     32    1    2    3    5    9   12   14   15
    95     16    1    2    3    5   11   12   13   14
    96     16    1    2    3    6    7    8    9   10
    97     64    1    2    3    6    7    8    9   11
    98     64    1    2    3    6    7    8    9   12
    99     16    1    2    3    6    7    8    9   15
   100     16    1    2    3    6    7    8    9   16
   101     16    1    2    3    6    7    8   11   12
   102     16    1    2    3    6    7    8   11   13
   103     16    1    2    3    6    7    8   11   14
   104    128    1    2    3    6    7    9   10   11
   105    128    1    2    3    6    7    9   10   13
   106    128    1    2    3    6    7    9   10   15
   107    128    1    2    3    6    7    9   11   12
   108    128    1    2    3    6    7    9   11   13
   109    128    1    2    3    6    7    9   11   14
   110    128    1    2    3    6    7    9   11   15
   111    128    1    2    3    6    7    9   11   16
   112    128    1    2    3    6    7    9   12   13
   113    128    1    2    3    6    7    9   12   14
   114    128    1    2    3    6    7    9   12   15
   115    128    1    2    3    6    7    9   12   16
   116    128    1    2    3    6    7    9   13   14
   117    128    1    2    3    6    7   11   12   13
   118     64    1    2    3    6    9   10   11   14
   119    128    1    2    3    6    9   10   11   15
   120    128    1    2    3    6    9   10   11   16
   121     16    1    2    3    6    9   10   15   16
   122    128    1    2    3    6    9   11   12   13
   123    128    1    2    3    6    9   11   12   14
   124     32    1    2    3    6    9   11   13   15
   125     64    1    2    3    6    9   11   13   16
   126     64    1    2    3    6    9   11   14   15
   127     64    1    2    3    6    9   11   14   16
   128     32    1    2    3    6    9   12   14   15
   129     16    1    2    3    6   11   12   13   14
   130    128    1    2    3    7    8    9   10   11
   131     64    1    2    3    7    8    9   10   15
   132    128    1    2    3    7    8    9   11   12
   133     64    1    2    3    7    8    9   11   13
   134    128    1    2    3    7    8    9   11   14
   135     64    1    2    3    7    8    9   11   15
   136    128    1    2    3    7    8    9   11   16
   137     64    1    2    3    7    8    9   12   14
   138     64    1    2    3    7    8    9   12   15
   139     64    1    2    3    7    8   11   12   13
   140    128    1    2    3    7    9   10   11   15
   141    128    1    2    3    7    9   10   11   16
   142    128    1    2    3    7    9   10   13   15
   143    128    1    2    3    7    9   10   13   16
   144     32    1    2    3    7    9   10   15   16
   145    128    1    2    3    7    9   11   12   14
   146     64    1    2    3    7    9   11   13   15
   147    128    1    2    3    7    9   11   13   16
   148    128    1    2    3    7    9   11   14   15
   149     64    1    2    3    7    9   11   14   16
   150    128    1    2    3    7    9   12   13   14
   151     64    1    2    3    7    9   12   13   16
   152     64    1    2    3    7    9   12   14   15
   153     32    1    2    3    7   11   12   13   14
   154    128    1    2    3    8    9   10   11   16
   155    128    1    2    3    8    9   10   13   16
   156     32    1    2    3    8    9   10   15   16
   157     64    1    2    3    8    9   11   13   15
   158    128    1    2    3    8    9   11   13   16
   159    128    1    2    3    8    9   11   14   15
   160     64    1    2    3    8    9   11   14   16
   161     64    1    2    3    8    9   12   13   16
   162     64    1    2    3    8    9   12   14   15
   163     32    1    2    3    8   11   12   13   14
   164      4    1    2    7    8    9   10   15   16
   165      8    1    2    7    8    9   11   13   15
   166     16    1    2    7    8    9   11   13   16
   167     16    1    2    7    8    9   11   14   15
   168     16    1    2    7    8    9   11   14   16
   169      8    1    2    7    8    9   12   14   15
   170      4    1    3    5    7    9   11   13   15
   171     32    1    3    5    7    9   11   13   16
   172     16    1    3    5    7    9   11   14   16
   173      8    1    3    5    7    9   12   14   15
   174     64    1    3    5    8    9   11   13   16
   175     64    1    3    5    8    9   11   14   16
   176     32    1    3    5    8    9   12   14   15
   177      8    1    3    6    8    9   11   14   16
   178      8    1    3    6    8    9   12   13   16
   179     16    1    3    6    8    9   12   14   15
   180      4    1    4    6    7    9   12   14   15
