Space group 136
1
   1   0   0   0
   0   1   0   0
   0   0   1   0
2
  -1   0   0   0
   0  -1   0   0
   0   0   1   0
3
   0  -1   0   0.5
   1   0   0   0.5
   0   0   1   0.5
4
   0   1   0   0.5
  -1   0   0   0.5
   0   0   1   0.5
5
  -1   0   0   0.5
   0   1   0   0.5
   0   0  -1   0.5
6
   1   0   0   0.5
   0  -1   0   0.5
   0   0  -1   0.5
7
   0   1   0   0
   1   0   0   0
   0   0  -1   0
8
   0  -1   0   0
  -1   0   0   0
   0   0  -1   0
9
  -1   0   0   0
   0  -1   0   0
   0   0  -1   0
10
   1   0   0   0
   0   1   0   0
   0   0  -1   0
11
   0   1   0   0.5
  -1   0   0   0.5
   0   0  -1   0.5
12
   0  -1   0   0.5
   1   0   0   0.5
   0   0  -1   0.5
13
   1   0   0   0.5
   0  -1   0   0.5
   0   0   1   0.5
14
  -1   0   0   0.5
   0   1   0   0.5
   0   0   1   0.5
15
   0  -1   0   0
  -1   0   0   0
   0   0   1   0
16
   0   1   0   0
   1   0   0   0
   0   0   1   0
0
