    9.2730      9.2730      6.1484     90.0000     90.0000     90.0000
          16          32
M      0.0000000    0.0000000    0.0000000
M      0.0000000    0.0000000    0.5000000
M      0.0000000    0.5000000    0.0000000
M      0.0000000    0.5000000    0.5000000
M      0.5000000    0.0000000    0.0000000
M      0.5000000    0.0000000    0.5000000
M      0.5000000    0.5000000    0.0000000
M      0.5000000    0.5000000    0.5000000
M      0.2500000    0.2500000    0.2500000
M      0.2500000    0.2500000    0.7500000
M      0.2500000    0.7500000    0.2500000
M      0.2500000    0.7500000    0.7500000
M      0.7500000    0.2500000    0.2500000
M      0.7500000    0.2500000    0.7500000
M      0.7500000    0.7500000    0.2500000
M      0.7500000    0.7500000    0.7500000
O      0.1527500    0.1527500    0.0000000
O      0.1527500    0.1527500    0.5000000
O      0.1527500    0.6527500    0.0000000
O      0.1527500    0.6527500    0.5000000
O      0.6527500    0.1527500    0.0000000
O      0.6527500    0.1527500    0.5000000
O      0.6527500    0.6527500    0.0000000
O      0.6527500    0.6527500    0.5000000
O      0.3472500    0.3472500    0.0000000
O      0.3472500    0.3472500    0.5000000
O      0.3472500    0.8472500    0.0000000
O      0.3472500    0.8472500    0.5000000
O      0.8472500    0.3472500    0.0000000
O      0.8472500    0.3472500    0.5000000
O      0.8472500    0.8472500    0.0000000
O      0.8472500    0.8472500    0.5000000
O      0.0972500    0.4027500    0.2500000
O      0.0972500    0.4027500    0.7500000
O      0.0972500    0.9027500    0.2500000
O      0.0972500    0.9027500    0.7500000
O      0.5972500    0.4027500    0.2500000
O      0.5972500    0.4027500    0.7500000
O      0.5972500    0.9027500    0.2500000
O      0.5972500    0.9027500    0.7500000
O      0.4027500    0.0972500    0.2500000
O      0.4027500    0.0972500    0.7500000
O      0.4027500    0.5972500    0.2500000
O      0.4027500    0.5972500    0.7500000
O      0.9027500    0.0972500    0.2500000
O      0.9027500    0.0972500    0.7500000
O      0.9027500    0.5972500    0.2500000
O      0.9027500    0.5972500    0.7500000
