-659.4418936898992 -659.4416106722306 -654.6773899920245 -654.8097568815692 -654.8100369385838 -654.6773195317483 
-660.4274128057582 -660.4274596232567 -662.6564389566934 -655.2614436072981 -655.2615082162829 -648.3094611007855 
-657.6926716356811 -657.6927280836917 -655.8107840627522 -649.2230440385692 -653.7880863661121 -655.8108780526572 
-652.8054731868046 -657.2441812674911 -655.0180938062599 -655.0180760171361 -652.8055669773689 -655.9231130688345 
-659.2088507622134 -658.0553520495482 -655.4289486920115 -662.5292478010279 -653.2371648591989 -655.8724027067074 
-661.0673560223522 -660.4456476420219 -660.7348727444842 -662.4625851538763 -655.1516640084828 -654.8321961849465 
-658.7078260808989 -652.3143505798466 -661.053832740457 -663.3240726367308 -655.5544868502893 -652.9704685338393 
-652.6319333126066 -652.6322521073726 -652.6323532564438 -652.631981594895 -652.62433995122 -652.6245400531352 
-661.5820250916322 -661.5826667988658 -661.5828430291676 -661.5819987183359 -662.239913695315 -662.2397662756666 
-661.6052547799527 -659.7063290049077 -654.7965438100373 -660.500258855518 -654.42837504606 -648.0598989799082 
-654.5190253891192 -659.6922750297704 -654.0868654545238 -654.4392481000123 -659.6920263299589 -654.5187605726242 
-656.200245256332 -658.660302659745 -658.6613195021 -656.1998033245236 -658.6647823273661 -656.1997371166617 
-659.4106080578381 -658.1859540109117 -652.4952090670458 -655.8669676343047 -648.8162097594532 -654.7505492542327 
-659.578854265897 -658.362109518167 -662.0595554848855 -655.4350449055196 -655.6326380139626 -652.8104086562485 
-657.3240098313522 -659.7406892617068 -653.4309934891253 -652.822679900366 -656.0809196339969 -653.3824923614739 
-661.0463074739323 -654.717280874459 -661.6474978572151 -655.0475255488122 -654.9032072813507 -654.7188905984221 
-659.042987468807 -660.6072197192043 -652.4791423143597 -659.0724852828398 -654.837387321495 -654.9398869823799 
-659.6082282496095 -655.1107338087345 -659.6327162392809 -659.6016560672142 -655.2193779232944 -655.1794086949894 
-653.4396000533679 -661.0754971725719 -658.8612505807778 -659.7628321185639 -656.194543092277 -655.9185018285543 
-653.1849474551154 -653.463184607524 -655.8535603271589 -648.8015064661517 -653.2795197782261 -653.4309566887441 
-659.9367900311181 -660.03899020991 -657.4651068883977 -663.1788997192011 -653.9525373323554 -654.2483581868919 
-659.8918754502429 -661.8903766384192 -658.3365600795278 -661.4932586960217 -649.3456682823462 -652.5440911427149 
-662.2279032625429 -658.8262884335809 -659.1552483410283 -662.2687479195247 -649.2140046845361 -653.6146642606445 
-658.7470806496926 -653.9318836955513 -656.7211313671755 -656.3823607804816 -652.8228484021379 -654.3364194735127 
-661.8745380662781 -652.6752147752395 -658.4686747117084 -662.0221043392603 -655.5600465790026 -652.9389776280836 
-659.8126479063449 -659.7922778356292 -660.6668656293841 -653.2866444164811 -660.8579300123511 -653.3657727657719 
-659.6382660968407 -661.729343044768 -662.2300425385856 -659.3798573010008 -660.3240280583827 -655.9205102598553 
-661.4159638111341 -661.0481444881052 -654.6938952615928 -661.5071421528783 -654.731362596005 -661.4512686822836 
-655.062570207434 -652.115470903123 -654.987089761582 -658.8464696735259 -652.746196077172 -655.3674705223088 
-653.1839439506557 -656.1012743276801 -660.8994833574916 -658.3033307599253 -659.4313981668329 -655.5299067797105 
-659.30839266145 -661.8583775431716 -656.4763967023023 -659.2024749824609 -662.9171066188137 -660.8338555704013 
-661.4139706443448 -655.5488989778914 -652.8335233066309 -659.4750644011287 -661.385561773795 -652.531688826969 
-661.8990439289187 -662.0202315800234 -655.1154323566352 -655.1782866057993 -655.1783329143905 -655.1153569816593 
-661.4517913136092 -662.232848006769 -661.9406793064454 -661.7438620776074 -654.8382489237588 -655.0809956362291 
-662.087740470311 -662.424858433691 -662.0578402187502 -662.0576158548774 -661.818812114253 -661.8193291512684 
-661.370918401678 -655.0202857217241 -660.732792419356 -661.9076951070192 -660.7138063894581 -655.3918696910714 
-660.1218847926007 -655.1634559053268 -655.2952046166356 -655.2860273825054 -660.1175040945291 -655.1443515760852 
-654.939542109908 -654.8136431552766 -655.0639090376712 -654.9639646520773 -660.3062174191105 -660.4386399320151 
-655.21504167685 -654.8135955295525 -660.551786935046 -649.4889844219279 -660.8039686702318 -660.9543323329526 
-648.2382102711908 -661.5708652291087 -654.5562524682673 -654.5560610584866 -660.878249726738 -660.8785425811834 
-660.4012418655184 -648.2827776088734 -660.3999094092478 -648.7743769819094 -661.7100468466533 -661.7890497718336 
-654.7652713253624 -655.6587188233962 -652.4364340163966 -648.9370530823826 -659.4109550766698 -658.0109195052478 
-662.8788584196568 -662.8788161804669 -661.5311645426682 -648.7987294248651 -648.7989080792495 -661.5308313950968 
-655.2603137724182 -662.0176071936339 -660.748657887128 -655.4374179478887 -648.3860033169676 -660.8855647587529 
-662.847692586497 -659.9792330442974 -653.0290985810129 -659.2756876156427 -649.0335841696733 -661.8445386287394 
-662.5130533647698 -660.1057836530099 -659.2936872319933 -659.8282260733972 -655.6910921151498 -662.5971364654033 
-655.5375591186398 -653.3692785450021 -657.9723890648452 -658.1778811489394 -655.6807927499826 -649.0503275942224 
-655.1013233908952 -659.0434023011944 -658.5717392242368 -655.8946262552163 -655.3320500183881 -658.887283752294 
-662.562669695224 -657.4088686369464 -654.3701118356603 -654.3687316522646 -660.1968825635431 -660.2007031888879 
-655.5162970616943 -655.5185859314506 -661.0948590415865 -661.0941335461366 -655.518031174051 -655.5168960093006 
-659.9604802385074 -659.960701098325 -653.8960916221331 -653.8963410403039 -658.0916142272881 -663.3685288538009 
-653.3832702576215 -653.1321742610025 -659.1528797745568 -652.6924363159906 -656.9407238571339 -655.3501661194414 
-662.2922585208157 -653.2763119039623 -660.437930354808 -657.118758042021 -653.582562131945 -660.6962868731403 
-660.251249609496 -660.2515132387871 -660.6169053558724 -660.6171098879531 -660.6457672315059 -660.6459926915022 
-655.4476697733603 -661.5996984637763 -659.3958901444507 -658.8241357528896 -655.4126392752783 -652.9535360159148 
-653.3803827907777 -659.5961022234305 -659.5959384091288 -663.1538730636071 -653.380151307676 -658.1311963246112 
-661.8391588762347 -661.839495947339 -661.839045577789 -661.8394421642879 -661.8396828727846 -661.8390516327227 
-662.2620178324282 -662.2614618075131 -654.9250291369071 -662.6005868514067 -655.1400870408011 -662.6005165479542 
-652.3985260098652 -652.3985133240822 -649.1521687731392 -652.3983331191539 -652.3981951054297 -657.5889557662103 
-643.5028457163926 -649.1207744214535 -649.1208781689984 -656.2326909528256 -656.2332296535019 -643.727328831304 
-649.4936403117072 -649.3699512310859 -643.2343184475658 -656.0247236636656 -656.493453626797 -643.3709875062523 
-643.4709228220668 -643.4707916444322 -647.7812856685941 -653.9263540831171 -653.9265164680228 -644.0724718791398 
-650.0687236191252 -643.5441721116035 -649.9604762668018 -662.3847812434428 -662.7619247673001 -643.5673834918703 
-650.1369027994238 -650.1369342587586 -643.7742004418064 -663.2339847760386 -663.2342225022876 -643.9321556304744 
-659.5227498329723 -659.5226128645882 -653.4866192454183 -659.5226566370302 -653.4869778438015 -659.522822957596 
