Space group 221
1
   1   0   0      0
   0   1   0      0
   0   0   1      0
2
  -1   0   0      0
   0  -1   0      0
   0   0   1      0
3
  -1   0   0      0
   0   1   0      0
   0   0  -1      0
4
   1   0   0      0
   0  -1   0      0
   0   0  -1      0
5
   0   0   1      0
   1   0   0      0
   0   1   0      0
6
   0   0   1      0
  -1   0   0      0
   0  -1   0      0
7
   0   0  -1      0
  -1   0   0      0
   0   1   0      0
8
   0   0  -1      0
   1   0   0      0
   0  -1   0      0
9
   0   1   0      0
   0   0   1      0
   1   0   0      0
10
   0  -1   0      0
   0   0   1      0
  -1   0   0      0
11
   0   1   0      0
   0   0  -1      0
  -1   0   0      0
12
   0  -1   0      0
   0   0  -1      0
   1   0   0      0
13
   0   1   0      0
   1   0   0      0
   0   0  -1      0
14
   0  -1   0      0
  -1   0   0      0
   0   0  -1      0
15
   0   1   0      0
  -1   0   0      0
   0   0   1      0
16
   0  -1   0      0
   1   0   0      0
   0   0   1      0
17
   1   0   0      0
   0   0   1      0
   0  -1   0      0
18
  -1   0   0      0
   0   0   1      0
   0   1   0      0
19
  -1   0   0      0
   0   0  -1      0
   0  -1   0      0
20
   1   0   0      0
   0   0  -1      0
   0   1   0      0
21
   0   0   1      0
   0   1   0      0
  -1   0   0      0
22
   0   0   1      0
   0  -1   0      0
   1   0   0      0
23
   0   0  -1      0
   0   1   0      0
   1   0   0      0
24
   0   0  -1      0
   0  -1   0      0
  -1   0   0      0
25
  -1   0   0      0
   0  -1   0      0
   0   0  -1      0
26
   1   0   0      0
   0   1   0      0
   0   0  -1      0
27
   1   0   0      0
   0  -1   0      0
   0   0   1      0
28
  -1   0   0      0
   0   1   0      0
   0   0   1      0
29
   0   0  -1      0
  -1   0   0      0
   0  -1   0      0
30
   0   0  -1      0
   1   0   0      0
   0   1   0      0
31
   0   0   1      0
   1   0   0      0
   0  -1   0      0
32
   0   0   1      0
  -1   0   0      0
   0   1   0      0
33
   0  -1   0      0
   0   0  -1      0
  -1   0   0      0
34
   0   1   0      0
   0   0  -1      0
   1   0   0      0
35
   0  -1   0      0
   0   0   1      0
   1   0   0      0
36
   0   1   0      0
   0   0   1      0
  -1   0   0      0
37
   0  -1   0      0
  -1   0   0      0
   0   0   1      0
38
   0   1   0      0
   1   0   0      0
   0   0   1      0
39
   0  -1   0      0
   1   0   0      0
   0   0  -1      0
40
   0   1   0      0
  -1   0   0      0
   0   0  -1      0
41
  -1   0   0      0
   0   0  -1      0
   0   1   0      0
42
   1   0   0      0
   0   0  -1      0
   0  -1   0      0
43
   1   0   0      0
   0   0   1      0
   0   1   0      0
44
  -1   0   0      0
   0   0   1      0
   0  -1   0      0
45
   0   0  -1      0
   0  -1   0      0
   1   0   0      0
46
   0   0  -1      0
   0   1   0      0
  -1   0   0      0
47
   0   0   1      0
   0  -1   0      0
  -1   0   0      0
48
   0   0   1      0
   0   1   0      0
   1   0   0      0
0
