4
1.0889456193935800E+01 1.0889457308194398E+01 1.0889456774181600E+01 1291.27470628651
1.0890146861352900E+01 1.0888870912579501E+01 1.0888912145625699E+01 1291.2224836438054
1.0888596167137100E+01 1.0889457934415502E+01 1.0889457951874601E+01 1291.1729379642413
1.0888197963933100E+01 1.0889651727472801E+01 1.0889651720520000E+01 1291.1716711832114
1.0887834860653401E+01 1.0888127437024901E+01 1.0891730000266000E+01 1291.19426185692
1.0888522112033399E+01 1.0888522109941499E+01 1.0890966002328700E+01 1291.2319900151115
1.0889620488206102E+01 1.0889210202162699E+01 1.0888805014765600E+01 1291.187600787335
1.0889445565142800E+01 1.0889445575838600E+01 1.0889573834645899E+01 1291.285935729608
1.0888827771887099E+01 1.0889275969668700E+01 1.0889275969944901E+01 1291.1572476777083
1.0891251754125999E+01 1.0888019964529599E+01 1.0889647914746400E+01 1291.339821858572
1.0889536114335399E+01 1.0890071598218700E+01 1.0887947846058500E+01 1291.1780859677385
1.0889933888711900E+01 1.0888811133946700E+01 1.0888811110271799E+01 1291.1781627761313
1.0892374797196201E+01 1.0887574937388900E+01 1.0887574897639100E+01 1291.1743485627821
1.0887597925907100E+01 1.0888056168808500E+01 1.0892103845895599E+01 1291.2020297579356
1.0887797921285500E+01 1.0887803525700500E+01 1.0892145538214001E+01 1291.2007291549676
1.0889945886034200E+01 1.0889718350109600E+01 1.0889718350110000E+01 1291.3947498030855
1.0888107133651401E+01 1.0888107126233400E+01 1.0891685496286600E+01 1291.2188662108294
1.0890854988703200E+01 1.0889145421974799E+01 1.0888774935506600E+01 1291.3227267708469
1.0892311469860500E+01 1.0892311598860799E+01 1.0882517755636799E+01 1291.1285748085036
1.0889618135347300E+01 1.0889618141628899E+01 1.0889618228336500E+01 1291.3321271425723
1.0892860362835400E+01 1.0886890816333000E+01 1.0886890780258600E+01 1291.0696435200848
1.0888967632225000E+01 1.0888967529465400E+01 1.0888967560171899E+01 1291.1006911033344
