          12 substitutions in          16 sites
          22 configurations
     1      8    5    6    7    8    9   10   11   12   13   14   15   16
     2    192    4    6    7    8    9   10   11   12   13   14   15   16
     3     96    4    5    6    8    9   10   11   12   13   14   15   16
     4     96    4    5    6    7    9   10   11   12   13   14   15   16
     5     96    3    4    6    7    9   10   11   12   13   14   15   16
     6     96    3    4    6    7    8   10   11   12   13   14   15   16
     7    192    3    4    6    7    8    9   11   12   13   14   15   16
     8     12    3    4    6    7    8    9   10   11   12   13   14   15
     9     96    3    4    5    7    9   10   11   12   13   14   15   16
    10    192    3    4    5    7    8   10   11   12   13   14   15   16
    11     96    3    4    5    7    8    9   11   12   13   14   15   16
    12     24    3    4    5    7    8    9   10   11   12   13   15   16
    13     96    3    4    5    7    8    9   10   11   12   13   14   16
    14     48    3    4    5    6    7   10   11   12   13   14   15   16
    15     48    3    4    5    6    7    9   10   12   13   14   15   16
    16     96    3    4    5    6    7    9   10   11   13   14   15   16
    17     96    3    4    5    6    7    9   10   11   12   14   15   16
    18    192    3    4    5    6    7    9   10   11   12   13   14   16
    19     24    3    4    5    6    7    8    9   10   11   13   14   16
    20      4    2    3    4    5    6    7    9   10   11   12   14   15
    21     12    2    3    4    5    6    7    9   10   11   12   13   16
    22      8    2    3    4    5    6    7    8   10   11   13   15   16
