 -----------------------------------------------------------------
 Parameters calculated from data for 0, 1 and 2 substitutions:
 -----------------------------------------------------------------

 E0 (eV)
  -1167.4844173199999     

 dE1 (eV)
 -0.43892253000012715      -0.43892253000012715      -0.43892253000012715      -0.43892253000012715      -0.43892253000012715      -0.43892253000012715      -0.43892253000012715      -0.43892253000012715     

 dE2 (eV)
   0.0000000000000000       -5.6683799998609175E-003  -5.6683799998609175E-003  -1.8067999985760252E-004  -5.6683799998609175E-003  -1.8067999985760252E-004  -1.8067999985760252E-004  -6.8844999987049960E-004
  -5.6683799998609175E-003   0.0000000000000000       -1.8067999985760252E-004  -5.6683799998609175E-003  -1.8067999985760252E-004  -5.6683799998609175E-003  -6.8844999987049960E-004  -1.8067999985760252E-004
  -5.6683799998609175E-003  -1.8067999985760252E-004   0.0000000000000000       -5.6683799998609175E-003  -1.8067999985760252E-004  -6.8844999987049960E-004  -5.6683799998609175E-003  -1.8067999985760252E-004
  -1.8067999985760252E-004  -5.6683799998609175E-003  -5.6683799998609175E-003   0.0000000000000000       -6.8844999987049960E-004  -1.8067999985760252E-004  -1.8067999985760252E-004  -5.6683799998609175E-003
  -5.6683799998609175E-003  -1.8067999985760252E-004  -1.8067999985760252E-004  -6.8844999987049960E-004   0.0000000000000000       -5.6683799998609175E-003  -5.6683799998609175E-003  -1.8067999985760252E-004
  -1.8067999985760252E-004  -5.6683799998609175E-003  -6.8844999987049960E-004  -1.8067999985760252E-004  -5.6683799998609175E-003   0.0000000000000000       -1.8067999985760252E-004  -5.6683799998609175E-003
  -1.8067999985760252E-004  -6.8844999987049960E-004  -5.6683799998609175E-003  -1.8067999985760252E-004  -5.6683799998609175E-003  -1.8067999985760252E-004   0.0000000000000000       -5.6683799998609175E-003
  -6.8844999987049960E-004  -1.8067999985760252E-004  -1.8067999985760252E-004  -5.6683799998609175E-003  -1.8067999985760252E-004  -5.6683799998609175E-003  -5.6683799998609175E-003   0.0000000000000000     


 mu1 =   0.99641896775012473      mu2 =    1.0807993330584322     


 Zeroth-, first-, and second-order contribution by configuration for            4 substitutions:

    m     E0(eV)             dE1(eV)         dE2(eV)      E[total] (eV)
  --------------------------------------------------------------------------
    1    -1167.484417       -1.749403       -0.024896    -1169.258716
    2    -1167.484417       -1.749403       -0.018965    -1169.252785
    3    -1167.484417       -1.749403       -0.019514    -1169.253334
    4    -1167.484417       -1.749403       -0.013583    -1169.247403
    5    -1167.484417       -1.749403       -0.014131    -1169.247952
    6    -1167.484417       -1.749403       -0.001172    -1169.234992

