4
1.0894634500000000E+01 1.0894634500000000E+01 1.0885665500000000E+01 1292.0529580043262
1.0896137599999999E+01 1.0889549199999999E+01 1.0889549199999999E+01 1292.0888591883606
1.0889351000000000E+01 1.0889350600000000E+01 1.0897220400000000E+01 1292.1701739155544
1.0891025200000000E+01 1.0891322799999999E+01 1.0893693799999999E+01 1292.184587972526
1.0894484500000001E+01 1.0888405300000001E+01 1.0896270100000001E+01 1292.5543801724118
1.0895952400000001E+01 1.0891935800000001E+01 1.0887871400000000E+01 1292.1509546642988
1.0896977300000000E+01 1.0889252800000000E+01 1.0894073400000002E+01 1292.6901022698048
1.0896032699999999E+01 1.0891951300000001E+01 1.0887626600000001E+01 1292.1332636440604
1.0895212200000001E+01 1.0889903900000000E+01 1.0890641100000000E+01 1292.150757701537
1.0893682099999999E+01 1.0891871200000001E+01 1.0890029900000000E+01 1292.1301692526483
1.0893176300000000E+01 1.0893850700000000E+01 1.0888290400000001E+01 1292.0985729815034
1.0889501646024700E+01 1.0892537708454199E+01 1.0892537708126200E+01 1292.0108150494966
1.0892505182864200E+01 1.0892269267301799E+01 1.0892399143858199E+01 1292.3188872429146
1.0889468733771301E+01 1.0889036242555299E+01 1.0894308273927400E+01 1291.8015336912817
1.0891173947410600E+01 1.0891341499676900E+01 1.0893520294259300E+01 1292.1838738292258
1.0891188806292501E+01 1.0891132746362201E+01 1.0897544046748800E+01 1292.6381565522174
1.0891139336944301E+01 1.0891259788800800E+01 1.0893561399346099E+01 1292.174948870284
1.0889837114602701E+01 1.0889837114752799E+01 1.0896843514311300E+01 1292.2408979194774
1.0892103676023901E+01 1.0891520413490600E+01 1.0892243015998600E+01 1292.163884725716
1.0891189674476101E+01 1.0891189675197699E+01 1.0894893716658700E+01 1292.3306394313088
1.0891699007915800E+01 1.0893269397047700E+01 1.0895569964277898E+01 1292.7180982289758
1.0891254068534501E+01 1.0891254070893700E+01 1.0894409278434599E+01 1292.2884576779013
1.0896442322367500E+01 1.0888856425838100E+01 1.0890121244356200E+01 1292.1106640655953
1.0893242574038100E+01 1.0893299548175801E+01 1.0892257728736199E+01 1292.5118391894166
1.0892555815621400E+01 1.0892555824075799E+01 1.0891388931523300E+01 1292.2390338530577
1.0892257219998299E+01 1.0890900752208999E+01 1.0892653149399100E+01 1292.1572355042058
1.0891009110523999E+01 1.0893957049978299E+01 1.0891217597149099E+01 1292.2014231449652
1.0893607306141099E+01 1.0890952176853700E+01 1.0890952174310300E+01 1292.1216927005546
1.0893223754926300E+01 1.0890775130966800E+01 1.0890775127260500E+01 1292.0341902146724
1.0893380912369301E+01 1.0888870489597400E+01 1.0893983280678899E+01 1292.207409167246
1.0894465361364899E+01 1.0890325054395600E+01 1.0890325023434199E+01 1292.0746524393703
1.0893005704677202E+01 1.0891243096713801E+01 1.0892271675793401E+01 1292.2413918891673
1.0893172095921200E+01 1.0891457441163601E+01 1.0891645222244600E+01 1292.2122391844669
1.0888761884260800E+01 1.0894304415350501E+01 1.0892282328468900E+01 1292.102292198727
1.0891389726715900E+01 1.0891952745875701E+01 1.0891952748062700E+01 1292.0960409748593
