          11 substitutions in          16 sites
          35 configurations
     1     96    6    7    8    9   10   11   12   13   14   15   16
     2     48    4    7    8    9   10   11   12   13   14   15   16
     3     96    4    6    8    9   10   11   12   13   14   15   16
     4    192    4    6    7    9   10   11   12   13   14   15   16
     5     96    4    6    7    8   10   11   12   13   14   15   16
     6    192    4    6    7    8    9   11   12   13   14   15   16
     7    192    4    6    7    8    9   10   12   13   14   15   16
     8    192    4    6    7    8    9   10   11   13   14   15   16
     9    192    4    6    7    8    9   10   11   12   13   15   16
    10    192    4    6    7    8    9   10   11   12   13   14   16
    11     96    4    6    7    8    9   10   11   12   13   14   15
    12     96    4    5    6    9   10   11   12   13   14   15   16
    13    192    4    5    6    8    9   10   12   13   14   15   16
    14     96    4    5    6    8    9   10   11   12   13   15   16
    15     96    4    5    6    7    9   10   12   13   14   15   16
    16    192    3    4    6    7   10   11   12   13   14   15   16
    17    192    3    4    6    7    9   11   12   13   14   15   16
    18     48    3    4    6    7    9   10   11   12   14   15   16
    19    192    3    4    6    7    9   10   11   12   13   15   16
    20     48    3    4    6    7    9   10   11   12   13   14   15
    21     96    3    4    6    7    8   11   12   13   14   15   16
    22     48    3    4    6    7    8   10   12   13   14   15   16
    23    192    3    4    6    7    8   10   11   13   14   15   16
    24     96    3    4    6    7    8    9   11   13   14   15   16
    25     96    3    4    6    7    8    9   11   12   13   14   16
    26    192    3    4    5    7   10   11   12   13   14   15   16
    27     96    3    4    5    7    9   11   12   13   14   15   16
    28     96    3    4    5    7    9   10   11   12   13   15   16
    29     96    3    4    5    7    9   10   11   12   13   14   16
    30     96    3    4    5    7    8   10   12   13   14   15   16
    31     96    3    4    5    7    8   10   11   13   14   15   16
    32    192    3    4    5    7    8   10   11   12   13   14   16
    33     96    3    4    5    7    8    9   11   12   13   14   16
    34     48    3    4    5    6    7    9   10   12   13   14   16
    35     96    3    4    5    6    7    9   10   11   14   15   16
