-656.5893292662204 -656.5895705657613 -658.6528006389599 -657.7999686958228 -657.6937822301129 -657.8007212173029 -656.549497381031 -658.6528873728307 -657.6937759959983 -656.550362499881 -657.4167899820563 
-656.045622590811 -656.0460830126594 -660.8390778398052 -657.3508255320476 -657.3511983440785 -657.351562738218 -657.3510247677768 -657.1152188698898 -657.4274179491053 -657.427248414002 -657.1151425127382 
-646.6793794255764 -646.6791301750181 -659.9910676968657 -648.8255734670829 -656.2094996587634 -659.4652718493862 -658.0949212080191 -659.9912134854126 -658.0948555343421 -656.2093144803921 -649.2677439539743 
-646.8696556205405 -648.090888309016 -656.6647610411246 -647.8796985906647 -656.7587671287556 -658.2390954323378 -656.9034751035833 -657.1647636244047 -650.5548838012337 -658.5526163062368 -647.8180206353131 
-656.0898152254113 -656.9212081610976 -655.9029732170802 -658.2326011804103 -655.9204950380217 -658.8085077781279 -658.6858573591908 -656.9777292780473 -659.2432788891979 -655.929209942472 -656.087508780789 
-648.1185241844569 -648.0645414522619 -656.7214562291606 -659.0553196415167 -649.1042694849966 -659.0212080555534 -657.8770716356039 -658.8217112169305 -658.1167172596297 -657.95184771089 -646.8857509542104 
-646.6862746048682 -647.3288459717073 -657.9736153044123 -659.3997756538079 -649.5360192208709 -657.2722407580995 -657.2518262639801 -657.4395347901805 -658.2068380261262 -657.9355007269078 -648.3657369839157 
-646.3265798158636 -646.9519668863009 -657.7213633028005 -658.2270791057572 -649.4206837286911 -656.2041745827428 -658.09549489655 -658.2909092445079 -659.1217155010377 -656.0184490358542 -646.847915873881 
-646.531469034644 -646.8972227801423 -656.4951704034183 -651.3965592491277 -650.5868108464856 -657.1011203935614 -659.4147391574088 -658.961566188339 -658.0962476270488 -655.6578545075226 -647.73301370117 
-646.8384105100627 -648.6647559762678 -656.2667266685057 -660.348123214409 -649.1107459609275 -658.2009792508634 -658.9812974177908 -657.7741014461349 -657.9351010357041 -657.483901294193 -647.1407360265143 
-656.1987083381132 -655.1754196541651 -657.3219978522534 -660.0733915653341 -659.3555811584292 -655.0883180632381 -659.5351127604786 -656.0239743184948 -659.3561585276739 -657.3077764533946 -656.0026574415269 
-637.2537232667846 -648.2993499389104 -648.2999486542267 -646.9567716940946 -646.9569721352509 -658.3954281993351 -658.3944301209076 -650.427022845467 -658.5452152799717 -658.5450556586893 -650.4274024901279 
-637.2286861750376 -648.1210313655984 -647.8523501177333 -658.6621579846615 -647.3963335418662 -649.0323330723168 -659.3909007035122 -649.8574166381832 -657.235648082753 -658.188831962625 -642.0656381448334 
-638.2626086003615 -649.6910991492687 -647.5333643463996 -659.4305667811514 -649.0528932338179 -647.5336509327472 -659.3950786776472 -660.0247246826757 -649.0952615641472 -657.2735984090486 -649.6387709835299 
-637.4298394079606 -648.8430123400767 -648.3798521167018 -658.5571995843629 -647.3656272498501 -648.3658454215429 -657.2837891175623 -647.5639207184008 -658.472356192211 -660.7505686638551 -648.9528863968626 
-647.4417955603744 -655.798904781393 -657.3482130921775 -645.9603646838127 -655.7923756955452 -649.2347006542241 -657.5008673599 -656.6573154975154 -659.3980122101584 -657.5178260523608 -647.1882674083763 
-648.2524053110369 -647.9649546800656 -648.1709377878806 -646.8098526054364 -648.9923181701097 -649.74782098378 -656.0373027642918 -658.2447698477918 -658.5129072411651 -659.9973414095616 -638.8330566579311 
-648.9546684927573 -648.9543652585962 -648.9551130377254 -648.9550615728167 -649.515763443123 -659.278777062751 -649.5159172205649 -659.2782746982734 -659.278957468543 -659.2786883294375 -640.2580477324054 
-641.2559180924673 -647.1620616241253 -649.3127961270711 -647.3394469112477 -650.4198842296637 -657.6604520415453 -649.1277819138609 -659.069813426087 -657.8520858744887 -658.1628085139469 -638.3590370154011 
-657.1339027345803 -655.6630057080683 -657.1339568694939 -655.6634066047545 -658.7204409955407 -655.6629152804885 -658.7210215151945 -655.6635196678649 -659.1131391647409 -657.1346034005742 -657.1342676873983 
-646.1502230859423 -658.6249278562991 -657.2368523058594 -646.8882350237327 -657.2691015393357 -651.5023841610796 -658.5331520788982 -658.3517008841463 -658.6069068009438 -658.2539781684277 -646.247881559229 
-656.1074274734342 -656.107822465673 -656.1077146654784 -656.1075074748032 -657.5665893537089 -657.6972566569962 -657.6970829127285 -657.5662654088769 -657.6969752038617 -657.6981959282107 -655.1566168879431 
-646.5188737038839 -656.8366272792964 -655.5382746806022 -648.5890397771122 -657.3324262613769 -656.4263250055774 -649.9110486403779 -658.7217715310867 -650.5948714910819 -657.0619302847708 -646.8780170038717 
-647.849395479011 -649.1011184747035 -647.8492551552126 -649.1010742004974 -658.6373371627592 -651.0465008577821 -651.046633420191 -661.0234493152138 -659.5057542198674 -659.5057297088674 -637.9501335061827 
-646.3535971298643 -648.8739828925677 -648.873814064947 -646.3535403689266 -659.7350303306371 -650.4832685109282 -642.5191036074411 -656.870211254427 -659.7351394302832 -656.8702595671475 -637.8380768555753 
-646.6870760452557 -648.750895591319 -647.8223916978905 -647.4584944402113 -646.728176621592 -646.9938131425952 -658.0462579840932 -648.6750095489638 -659.0258612325806 -651.1015714040814 -649.7831210989598 
-648.1641144307628 -656.6504493200791 -656.7470858364668 -646.8035389066026 -656.9260092353989 -648.1238316089457 -657.2622290466638 -657.5774090828409 -656.6977005734716 -652.5760307431774 -648.3998929000172 
-649.2390188909758 -647.7874961266107 -649.2392118636958 -647.787795211706 -659.3268953349229 -647.551029959579 -647.5513056002906 -659.3271855401135 -648.0071748091282 -650.6840336501764 -648.0073918935905 
-647.8754895397024 -647.5603211484931 -647.8754477054781 -647.5607333677249 -658.3793843950525 -649.7518821074536 -649.7521143832578 -658.379537658846 -649.727666554757 -656.7128609624956 -649.7277323918729 
-647.7857082502323 -648.4047899610937 -639.9997442806243 -657.2145360457607 -648.8168242561414 -649.5209115343041 -657.8615943208724 -647.8857207459241 -648.417381320497 -660.396778975969 -657.9373410794014 
-638.7056251687409 -650.3353056969727 -638.7056833924175 -650.3353204594582 -650.4359787941698 -648.5796502315216 -648.5796742139764 -649.9303742572029 -642.3049824243008 -660.095957463318 -649.9303863063742 
-637.9804792575919 -649.1100478935277 -639.2271164878834 -647.4407305098293 -642.1334156903531 -649.3919285291895 -650.1333816825804 -658.9278154428293 -648.6534030067614 -648.9320126255166 -649.656762003001 
-638.9832052120782 -656.4386345497419 -648.4007259479818 -646.632885217728 -641.840370793595 -658.1859255092704 -642.0349791165909 -658.7982345235391 -658.4381768357957 -646.6265276558815 -648.6371703425493 
-658.1161788786603 -636.8797749589176 -648.6716042023086 -641.7745956148387 -656.6591150262839 -648.6721441330842 -641.774352896763 -658.1161973158191 -649.0373465516141 -656.6205336026414 -649.0376101157394 
-647.3860741115959 -647.0392908257027 -655.6072153893647 -648.4357579969592 -640.5134402153953 -648.435784539302 -655.6069996683736 -647.3864680295137 -658.6641789544419 -658.6640079639956 -639.8988899421965 
