-655.9849642792774 -661.324344945574 -657.5352738489905 -657.535651206369 -656.1836603783031 -656.1832960281781 -658.6802163874377 -657.2684049672998 -657.2684150467594 -658.6804774823295 
-657.616275835569 -656.2284046832533 -655.3240928416012 -657.737378696907 -655.8576259069296 -655.9349379859914 -657.9643621296973 -650.8776063123478 -658.4885229812371 -657.4096681137175 
-658.2496858993809 -656.2060578791907 -657.9542689446566 -657.6323042550548 -656.5068599085384 -657.9124037475258 -658.2984479748429 -658.9890206703253 -656.2628858755752 -657.5511390252518 
-656.3355284975005 -658.3989816197841 -658.4631820683658 -657.0791610073406 -657.091294879348 -656.3965274161355 -659.7050547361532 -659.8717419715085 -656.5954906481961 -656.8828081975817 
-657.0444425303244 -657.0447242860691 -659.2776938281236 -659.2069747585806 -657.0665659471119 -659.2069067261955 -655.824006844297 -659.277478398466 -657.0665370726883 -655.8244183348725 
-657.2053024124261 -657.205843313011 -657.2769390688004 -657.2771666172584 -657.277512510756 -657.2771636633129 -657.5384655361268 -651.4349917059967 -651.4351421328242 -657.5385869944957 
-657.7041227503864 -655.9511528360213 -660.354816540811 -656.9071812145085 -656.6775543866843 -657.379099399257 -657.1672143655537 -659.5275420645976 -657.5923007748379 -658.1965209079312 
-657.434282205516 -657.4349453333298 -660.9567427363518 -655.7036548222213 -659.59184039517 -655.7040167849927 -659.5913411530928 -657.7395738703653 -657.7398039405848 -658.3827506426151 
-655.4864385562514 -655.48667328795 -652.8300699400602 -658.0264030989674 -657.2516550654436 -657.2520103217948 -658.0265905535521 -657.6067528207177 -656.4394619878485 -657.60701997754 
-646.5230767646326 -647.5778857171617 -646.7806934448467 -656.0569361934668 -658.6697489177072 -657.3839843110254 -659.2772392527095 -651.6093770216353 -658.7789619065779 -649.2612859246269 
-655.9676587104386 -655.9675271944616 -657.8718292736467 -655.0294714194783 -657.9059404900918 -658.7552668211824 -657.8723818031931 -658.7550938681534 -655.0294601356718 -657.0019203180505 
-647.3549476666813 -647.3482085822666 -659.3515931498641 -648.0609782057595 -659.4240449351437 -657.2310061195294 -660.2153383546847 -657.6421474853901 -656.8023374065933 -647.6675799541149 
-646.5841711277053 -646.5843834458205 -659.3906072372383 -648.3383056135785 -657.9176608234734 -658.2295387601098 -659.3909482995396 -658.2298089996093 -657.9179175091249 -641.5506922728691 
-646.3890705498334 -646.5413747675298 -659.2050239673717 -649.1253050307014 -655.2428593345394 -659.3249492212863 -651.7334832773063 -659.9772280311386 -656.5230293467771 -649.0405997050557 
-655.5131331713101 -655.5139428487892 -660.6576118961125 -658.836720613308 -654.9852568967976 -651.666558646336 -657.4509574222266 -660.6566072298028 -657.4508740956426 -654.9857817075167 
-656.2540227735471 -658.1801972445678 -655.9874107610949 -656.1666772326785 -657.8987996805281 -657.8473354110279 -656.2143904430573 -652.9218772247436 -658.3376297319751 -656.6234952722475 
-648.1106170017883 -648.1239427372011 -656.8578161530113 -647.6275204123103 -658.4456476654937 -656.958175900796 -657.9342432677931 -651.3063708142836 -660.4752341547155 -647.3538049353024 
-646.8800016734795 -648.103432616997 -658.6087121871815 -647.8827605286797 -657.880678292202 -656.712637155309 -656.8124266593995 -651.2271484199318 -660.9705740956842 -648.6079804141004 
-646.8607120812676 -648.0831542116439 -658.752092098548 -648.0933922566628 -656.6214426377574 -657.7189433881335 -658.5108446331051 -653.5008093098363 -658.7811733608282 -647.7473986769014 
-648.5916889261043 -648.348843233659 -658.6680814737424 -647.303647202034 -659.0365550804208 -657.7054157119014 -659.0572919593264 -651.6177418295483 -659.1204282167669 -649.1013616254031 
-647.1389418623285 -649.4915018655602 -656.9439783484904 -649.913187145768 -657.8004946054543 -658.6667343635031 -659.2439358740749 -657.7523658693258 -658.7005016802759 -648.5845059301769 
-647.050548302193 -641.9750327979982 -656.9487103785723 -648.2031277319047 -658.977932021487 -659.4012723917567 -657.5434053802246 -657.4347722430111 -651.1388604788808 -647.2376629356568 
-656.6302414215347 -657.1506328894948 -658.05103505446 -657.8730125938282 -655.9883583809237 -659.7244844393681 -656.0022003970462 -658.6221494316956 -650.6063334689043 -658.3746026902136 
-657.4804769923644 -657.5122281848253 -655.9234321197432 -657.2827221173729 -658.6286298473437 -658.4387675682146 -657.335391385499 -659.2937703209655 -656.881837168824 -654.9961118704441 
-656.5385595987145 -656.6658768522693 -658.0476977773478 -658.4149760140617 -657.2208421764585 -658.569816706462 -656.8591528777015 -659.9748434130452 -658.0710451144364 -657.2957265398272 
-655.1472614962086 -656.745883577441 -654.920969057247 -650.9529796061297 -656.4666863593211 -658.7331673278559 -651.1697466499154 -656.9988154128182 -655.0114353812905 -656.9990312578298 
-647.9705655152375 -647.1007016112735 -658.8075838649102 -658.4103399576888 -648.7135451222184 -658.4317319364668 -660.2904331841032 -660.0357744335324 -657.9706511135992 -647.1255050408263 
-640.8200382792556 -647.1626732559671 -658.0266777676275 -658.19902203333 -647.3238972851877 -658.0982871888455 -658.1291913437212 -657.9640277123599 -657.8970510663471 -647.3670026668437 
-648.2718076902688 -648.6670941464413 -655.6737239075132 -661.1548344632133 -648.7266298427999 -651.7002855961764 -657.781227634488 -659.8639002758664 -658.0664145253686 -647.1197071537313 
-646.58270837901 -647.0090185660792 -660.5618588767038 -658.4031184280702 -649.9768299756392 -657.4291230499252 -657.8958032323931 -659.8911619516975 -658.1714910176374 -647.766220091059 
-646.345493494649 -646.5164012659548 -658.1597909743268 -651.037511719207 -650.7132573669633 -657.8784752044694 -658.1007705673665 -657.467993092012 -657.9148353551313 -648.2653314934446 
-647.0077395625794 -648.5523489164311 -658.115540340822 -660.9124709956372 -648.5715993650347 -651.2474938917144 -657.8028244709985 -657.7450654321269 -658.1547253105414 -648.7431876537298 
-645.6107666367566 -645.584988626545 -657.8455161205416 -651.444166856108 -642.3690738690448 -656.3561712041528 -657.9614036527082 -659.2468227523259 -655.4258338655904 -647.4552328442783 
-646.5174705948057 -648.2781901003145 -658.4370745119995 -659.7673049464656 -648.3082062721055 -658.3016789256744 -658.2990567655825 -658.5612833337891 -659.8507864406565 -646.742792734256 
-655.9859882159735 -654.099492883307 -659.4356936812142 -659.0703071381076 -659.0528439604313 -654.0988929052578 -659.0529882909386 -659.0704788235539 -659.4356291769104 -655.9857876242877 
-646.6654941727934 -648.5544068307945 -655.9510010370846 -653.2255292269119 -649.6227775112379 -658.5854223383121 -659.1226744597511 -658.9017926040951 -658.0547549012513 -647.7049815502005 
-656.3911493908035 -656.7300502721155 -656.5399723490673 -660.0729387829115 -658.239530227469 -656.601350308707 -660.2988216018975 -656.6327699120861 -658.8598208910853 -656.7837180719125 
-637.7988440325635 -648.4883407242105 -648.2469741384311 -646.7283558159043 -648.5720103937456 -658.2448807760193 -649.8515677546184 -658.9970770646778 -661.0000433666241 -642.1020951039045 
-638.0114194092939 -641.8241760441624 -648.7432837170309 -648.7104045631163 -647.6112409665675 -658.6188581237711 -660.2060751584249 -648.9153920594595 -658.3668684945678 -650.0220453594952 
-637.7887170328831 -647.7722363140929 -647.7718450195043 -658.2735656300401 -649.2224692735681 -649.2225191955831 -641.7683784867818 -658.6395850621138 -658.6399398763206 -641.7682749799333 
-637.7641374980899 -646.9024486324897 -649.4105894339054 -659.6668267357377 -646.7462001160488 -642.3005772924989 -659.3822305503304 -649.5658439547419 -656.9128848386877 -642.108919432801 
-637.6089695374717 -648.4805601846574 -648.4908738714403 -660.0485804413215 -648.4755747569598 -648.4799465041228 -660.1031173139245 -660.0836295371023 -648.4520780526718 -648.4525659124915 
-638.5448838074271 -648.3236956922424 -648.3231457137572 -661.418602991811 -648.32313362687 -648.3230542732954 -648.3794720923634 -660.6581230380866 -660.6577658159949 -648.3803884904346 
-658.1438751523974 -656.57657077776 -658.1447460513937 -656.5764474463795 -658.1441074020286 -658.1442529405294 -655.9773753947347 -660.5974093279688 -660.5995508483315 -655.9777485728218 
-647.5339822325468 -656.994691463904 -657.9040267547402 -648.309446061101 -656.3891857321969 -648.7447677730574 -658.635919752387 -653.472812200207 -658.9641755111807 -648.2761791889807 
-647.6628311916766 -658.2113991809174 -658.2113954577594 -647.6631689453152 -658.3860466653982 -647.5327481609961 -660.7927266709808 -660.7928805262413 -658.3860987870644 -647.6212183047028 
-640.9715144825277 -656.0902774579367 -659.2823401623746 -646.2739349191133 -657.2963611130008 -649.0718383626827 -651.5895135776682 -657.3520284686028 -658.3936540525046 -647.9506769220602 
-648.4973380043207 -656.7770203423906 -651.1899450462724 -646.4974416470113 -658.2588399713381 -650.0858959562643 -658.6170988690455 -656.3093583587834 -660.3290862757854 -646.1294259186484 
-657.9080150826794 -657.86113343551 -660.1968042290932 -656.1343166905654 -656.1238888962434 -656.5617622221016 -657.8604190216893 -656.9931075395189 -660.20342140494 -657.8770590161448 
-649.1572537638563 -648.9341238204233 -649.1568578471442 -648.934061749876 -649.1563087210607 -649.1561103243384 -660.889362302979 -660.9485347876139 -660.9487545137522 -638.9240992428558 
-648.7127994388802 -641.4312613556299 -648.8562546293883 -649.0913232276412 -648.2104634174111 -649.6949125110241 -658.4002456503531 -659.545490257874 -661.3882325790737 -638.8242234062959 
-648.6903029570035 -648.3015762132236 -641.4745639415955 -646.8341381045157 -649.1997212338824 -642.3596459280229 -657.2049680472496 -659.7126317069215 -658.6491534919078 -638.8224493876742 
-658.1877767798005 -658.1875601388829 -658.1876035869482 -658.187904462603 -657.7710516629104 -658.1879414926852 -657.7714518881508 -658.1878023015743 -658.1882232104012 -658.1882289366708 
-642.1654732518227 -647.6998808760227 -642.1661887455703 -647.7001922213453 -650.3644367712022 -659.9893768721786 -650.3649438618322 -659.9894262554681 -658.2966869790939 -638.1409038020915 
-655.2538055827767 -658.2620941702294 -656.3093649512821 -656.4711227353891 -656.3966504429254 -657.9845300172001 -658.2660581731234 -658.4235977604803 -650.562358999719 -655.5495133574905 
-645.7907162382471 -658.3267461504288 -658.326586151757 -645.7908449799575 -658.5202539279835 -643.0687412389525 -658.3106853939803 -658.5202899905498 -658.3106805819698 -645.8169309449031 
-648.527617120084 -656.2371505557744 -656.2369493210253 -648.5275956944488 -659.7758539698889 -656.9238440310301 -650.2578429673245 -659.7749439153622 -656.9241157399679 -648.5354690318627 
-646.9006194164394 -649.5223371847987 -646.9007015362367 -649.5221020830013 -646.9004971611985 -646.9012708428445 -649.5883616877954 -652.5003469592807 -652.5003903041297 -649.5888413790781 
-649.3965150133563 -649.2445986213384 -649.0582747944145 -647.2702338726931 -647.35259386498 -647.2783089868458 -651.9254746113202 -647.5243667267105 -651.8937521533207 -649.3118938448697 
-647.2955276891016 -648.6632355481265 -648.0264364893783 -647.4152183461165 -648.6483932220599 -649.4967793512546 -659.1730086365023 -649.1745827649174 -659.1483493655523 -649.9179388267453 
-657.104415345967 -656.6334063894533 -657.1043165841193 -656.6339259355564 -657.1040469551053 -657.103985040168 -658.4679205760672 -657.1995913048695 -645.9336133097904 -658.4672508275262 
-648.4652051809985 -656.7511492303743 -657.901646571423 -646.7724561819136 -658.2976443227244 -642.1952786267784 -658.598801437658 -659.6172453883246 -656.8705187027281 -649.4820328927958 
-649.9745027006461 -648.0702378860678 -649.9744643604417 -648.0706261215523 -659.9715606170512 -649.6111967573611 -649.6114896079944 -659.971829832587 -648.5731902786438 -648.573344126894 
-647.8948551141748 -648.1949874477259 -639.2691493323064 -656.5337158268694 -641.7016655009643 -641.7010327281105 -658.8905075869325 -648.2795321429676 -648.2805781871461 -658.9011036207594 
-638.9144890267739 -649.2642358432468 -638.9147153500035 -649.264264384442 -642.449160289279 -650.0039094050676 -650.0039562202542 -649.2495710435392 -642.1152626370013 -649.2497880242345 
