4
1.0896708561171000E+01 1.0894446492257901E+01 1.0894446485895900E+01 1293.319053440942
1.0893769342726300E+01 1.0895001218384600E+01 1.0895462752211699E+01 1293.1566546657577
1.0894632539284901E+01 1.0895867551400499E+01 1.0895127387389900E+01 1293.3221468865027
1.0896481920990800E+01 1.0896216584340099E+01 1.0892972168425400E+01 1293.3272370573698
1.0895903256924299E+01 1.0895903267816999E+01 1.0892845719421100E+01 1293.2063548871756
1.0895147015401999E+01 1.0896144558932498E+01 1.0896144530397100E+01 1293.5368534426093
1.0897686219713501E+01 1.0892891554422400E+01 1.0895118195247001E+01 1293.3302186909357
1.0895952618249501E+01 1.0893556891839099E+01 1.0896250111574000E+01 1293.3378135850924
1.0896987857882600E+01 1.0894045726545899E+01 1.0894045727781000E+01 1293.257050404027
1.0893135609252200E+01 1.0894977629005700E+01 1.0896563546150100E+01 1293.2092696667348
1.0894581915003700E+01 1.0894581914072701E+01 1.0896450497749598E+01 1293.3205772894273
1.0894859825208901E+01 1.0895851268632999E+01 1.0894520464282801E+01 1293.2751485466056
1.0895762201626001E+01 1.0895762199680901E+01 1.0895334294634800E+01 1293.468308370169
1.0895083986194400E+01 1.0895496068530800E+01 1.0896252638887400E+01 1293.4652183555936
1.0895539122106699E+01 1.0895539131071901E+01 1.0894100501242500E+01 1293.2688783075366
1.0894797707809801E+01 1.0895289033748901E+01 1.0897374410490601E+01 1293.5398102527065
1.0894625122714000E+01 1.0895299633282400E+01 1.0895070486997200E+01 1293.247101431884
1.0896403937731399E+01 1.0894694121809399E+01 1.0895686113471600E+01 1293.4594540695932
1.0895847497692200E+01 1.0895496296494700E+01 1.0896018059039200E+01 1293.5280412618467
1.0894228889939201E+01 1.0894267487586200E+01 1.0898970150651600E+01 1293.5403879151831
1.0897294891017999E+01 1.0894446371312799E+01 1.0896276330140500E+01 1293.6058690637926
1.0896994651801700E+01 1.0895316235531800E+01 1.0894480533235100E+01 1293.460304626041
1.0893913534211400E+01 1.0895561206296700E+01 1.0896112787015900E+01 1293.3173944824632
1.0896549281615901E+01 1.0895543984307199E+01 1.0894951447872200E+01 1293.490385073148
1.0896809297988399E+01 1.0894291729538701E+01 1.0896282650204000E+01 1293.5306137879472
1.0895375753444201E+01 1.0896597558286500E+01 1.0894908780381300E+01 1293.4710782167706
1.0897076821565101E+01 1.0895834917279901E+01 1.0892341299450099E+01 1293.2776378240246
1.0894680287931600E+01 1.0895177367011600E+01 1.0895143294985299E+01 1293.2477792924335
1.0896247738787901E+01 1.0895043380052201E+01 1.0893383824457500E+01 1293.2090606665472
1.0896864124745001E+01 1.0895238889308400E+01 1.0894216431502199E+01 1293.404273812902
1.0898139646886200E+01 1.0893484131899999E+01 1.0895144760442300E+01 1293.457545501983
1.0897417193090600E+01 1.0895763917181601E+01 1.0893779302504198E+01 1293.4803481895565
1.0896469147598800E+01 1.0895089244937800E+01 1.0895644395190100E+01 1293.5091529055721
1.0897044071996000E+01 1.0895730136542999E+01 1.0892354761835700E+01 1293.2629125946555
1.0895783732889900E+01 1.0897127149934301E+01 1.0892839316700799E+01 1293.3366664631558
1.0897934095559799E+01 1.0895052296155400E+01 1.0893708374310901E+01 1293.4487974856986
1.0895947618733400E+01 1.0895831681710600E+01 1.0894077865919400E+01 1293.3494046107305
1.0892530511285500E+01 1.0898390514739100E+01 1.0895927449798000E+01 1293.467001426564
1.0893733271248101E+01 1.0894710442473199E+01 1.0897864309042101E+01 1293.4028864484992
1.0892530552857799E+01 1.0897076612987400E+01 1.0897076713036100E+01 1293.447480754857
1.0893564115580901E+01 1.0898814771250599E+01 1.0893620872696699E+01 1293.3662444409906
1.0895861448030701E+01 1.0894495376188200E+01 1.0894514481338600E+01 1293.2323845893375
1.0896439739016600E+01 1.0895620096921400E+01 1.0895620275074201E+01 1293.565822946788
1.0892467394865999E+01 1.0892638822723301E+01 1.0900729645810200E+01 1293.346644911001
1.0896708926175499E+01 1.0894740499732000E+01 1.0896413366921001E+01 1293.5875013050852
1.0892202521128899E+01 1.0892202517591500E+01 1.0901120555696300E+01 1293.3097681907084
1.0895897565077499E+01 1.0895433984119199E+01 1.0895718569708601E+01 1293.491033259084
1.0896865699453800E+01 1.0893997956870701E+01 1.0895833701559500E+01 1293.4491329704829
1.0892820874464601E+01 1.0892786672585800E+01 1.0900409854206002E+01 1293.3682276281722
1.0893967305385200E+01 1.0895461970180600E+01 1.0895447840162900E+01 1293.2330729034147
1.0892597311395999E+01 1.0894467960339400E+01 1.0897629453463200E+01 1293.2113608000973
1.0896852466917700E+01 1.0894288670290999E+01 1.0895584974134600E+01 1293.4525514762427
1.0892916046706199E+01 1.0892916048932300E+01 1.0900187186951600E+01 1293.3684690545383
1.0898436285724699E+01 1.0893992625216599E+01 1.0894225167259000E+01 1293.4439499366683
1.0896222569080200E+01 1.0895561886843600E+01 1.0895080315097101E+01 1293.469026652355
1.0895727135145700E+01 1.0895727071881799E+01 1.0895099266285801E+01 1293.4320735823485
1.0896803060439400E+01 1.0896803022184100E+01 1.0893233579450200E+01 1293.4660031626386
1.0898786657508801E+01 1.0894045207517600E+01 1.0894045197593501E+01 1293.4704077861743
1.0899430310587700E+01 1.0894360816272300E+01 1.0892405821967600E+01 1293.389608432007
1.0899368713786100E+01 1.0893416982647800E+01 1.0894504439344299E+01 1293.5194184552488
1.0894922889560700E+01 1.0895318841958201E+01 1.0895318885575000E+01 1293.3142137706434
1.0896550021856200E+01 1.0894538961785900E+01 1.0896503385435700E+01 1293.5553942917431
1.0900334335852000E+01 1.0893345592259900E+01 1.0893345603503199E+01 1293.4879375888775
1.0896505222779700E+01 1.0894151172914800E+01 1.0896002890053399E+01 1293.4446195446046
1.0899963261029100E+01 1.0891668527014000E+01 1.0891668523144499E+01 1293.045673249277
