-68563.199508
-68563.226232
-68563.198524
-68563.198383
-68563.211242
-68563.241703
-68563.197088
-68563.207842
-68563.213644
-68563.257665
-68563.197969
-68563.228253
-68563.246717
-68563.246140
-68563.226934
-68563.223353
-68563.255465
-68563.255606
-68563.254704
-68563.264068
-68563.275071
-68563.272525
-68563.234837
-68563.198482
-68563.196658
-68563.232590
-68563.227346
-68563.256007
-68563.245840
-68563.229059
-68563.247920
-68563.244855
-68563.263719
-68563.229794
-68563.208004
-68563.243953
-68563.206960
-68563.288886
-68563.288435
-68563.296256
-68563.293834
-68563.257039
-68563.270821
-68563.205349
-68563.253551
-68563.244882
-68563.272305
-68563.255575
-68563.215467
-68563.267738
-68563.294412
-68563.305655
-68563.225340
-68563.302859
-68563.215273
-68563.248514
-68563.266402
-68563.302632
-68563.304552
-68563.307803
-68563.236899
-68563.291618
-68563.303910
-68563.295143
-68563.327609
