          10 substitutions in          16 sites
          65 configurations
     1     96    7    8    9   10   11   12   13   14   15   16
     2    192    6    7    9   10   11   12   13   14   15   16
     3     96    6    7    8   10   11   12   13   14   15   16
     4     96    6    7    8    9   10   11   13   14   15   16
     5     48    6    7    8    9   10   11   12   13   14   15
     6     48    4    7    9   10   11   12   13   14   15   16
     7    192    4    7    8   10   11   12   13   14   15   16
     8     96    4    7    8    9   10   11   12   14   15   16
     9     96    4    7    8    9   10   11   12   13   15   16
    10    192    4    6    9   10   11   12   13   14   15   16
    11     96    4    6    8   10   11   12   13   14   15   16
    12    192    4    6    8    9   11   12   13   14   15   16
    13     96    4    6    8    9   10   12   13   14   15   16
    14    192    4    6    8    9   10   11   13   14   15   16
    15     96    4    6    8    9   10   11   12   13   14   15
    16    192    4    6    7   10   11   12   13   14   15   16
    17    192    4    6    7    9   11   12   13   14   15   16
    18    192    4    6    7    9   10   12   13   14   15   16
    19    192    4    6    7    9   10   11   13   14   15   16
    20    192    4    6    7    9   10   11   12   14   15   16
    21    192    4    6    7    9   10   11   12   13   15   16
    22    192    4    6    7    9   10   11   12   13   14   16
    23    192    4    6    7    9   10   11   12   13   14   15
    24    192    4    6    7    8   11   12   13   14   15   16
    25     96    4    6    7    8   10   12   13   14   15   16
    26     96    4    6    7    8   10   11   12   13   15   16
    27    192    4    6    7    8    9   11   13   14   15   16
    28     64    4    6    7    8    9   11   12   14   15   16
    29    192    4    6    7    8    9   11   12   13   14   16
    30    192    4    6    7    8    9   10   13   14   15   16
    31    192    4    6    7    8    9   10   12   13   15   16
    32    192    4    6    7    8    9   10   12   13   14   16
    33    192    4    6    7    8    9   10   11   13   15   16
    34     96    4    6    7    8    9   10   11   13   14   16
    35     48    4    6    7    8    9   10   11   13   14   15
    36    192    4    6    7    8    9   10   11   12   13   16
    37     48    4    6    7    8    9   10   11   12   13   14
    38    192    4    5    6    9   10   12   13   14   15   16
    39    192    4    5    6    9   10   11   12   13   15   16
    40     96    4    5    6    8    9   10   13   14   15   16
    41     96    4    5    6    8    9   10   12   13   14   16
    42     32    4    5    6    8    9   10   11   12   13   16
    43     16    4    5    6    7    9   10   13   14   15   16
    44     48    3    4    6    7   10   12   13   14   15   16
    45    192    3    4    6    7   10   11   13   14   15   16
    46     48    3    4    6    7   10   11   12   14   15   16
    47    192    3    4    6    7   10   11   12   13   15   16
    48    192    3    4    6    7   10   11   12   13   14   16
    49     48    3    4    6    7   10   11   12   13   14   15
    50     48    3    4    6    7    9   11   13   14   15   16
    51    192    3    4    6    7    9   11   12   14   15   16
    52    192    3    4    6    7    9   11   12   13   14   16
    53     24    3    4    6    7    9   10   11   12   14   15
    54     96    3    4    6    7    9   10   11   12   13   16
    55     96    3    4    6    7    8   12   13   14   15   16
    56     32    3    4    6    7    8   11   12   13   14   16
    57     96    3    4    6    7    8   10   11   13   15   16
    58     48    3    4    5    7   10   11   13   14   15   16
    59     96    3    4    5    7   10   11   12   13   15   16
    60     96    3    4    5    7   10   11   12   13   14   16
    61     16    3    4    5    7    9   12   13   14   15   16
    62     96    3    4    5    7    9   11   12   13   14   16
    63     48    3    4    5    7    9   10   11   12   13   16
    64     96    3    4    5    7    8   10   12   13   14   16
    65     48    3    4    5    7    8   10   11   13   14   16
