-680.000
-679.900
-679.800
-679.700
-679.600
-679.500
-679.400
-679.300
-679.200
-679.100
-679.000
-678.900
-678.800
-678.700
-678.600
-678.500
-678.400
-678.300
-678.200
-678.100
-678.000
-677.900
-677.800
-677.700
-677.600
-677.500
-677.400
-677.300
-677.200
-677.100
-677.000
-676.900
-676.800
-676.700
-676.600
-676.500
-676.400
-676.300
-676.200
-676.100
-676.000
-675.900
-675.800
-675.700
-675.600
-675.500
-675.400
-675.300
-675.200
-675.100
-675.000
-674.900
-674.800
-674.700
-674.600
-674.500
-674.400
-674.300
-674.200
-674.100
-674.000
-673.900
-673.800
-673.700
-673.600
-673.500
-673.400
-673.300
-673.200
-673.100
-673.000
-672.900
-672.800
-672.700
-672.600
-672.500
-672.400
-672.300
-672.200
-672.100
-672.000
-671.900
-671.800
-671.700
-671.600
-671.500
-671.400
-671.300
-671.200
-671.100
-671.000
-670.900
-670.800
-670.700
-670.600
-670.500
-670.400
-670.300
-670.200
-670.100
-670.000
-669.900
-669.800
-669.700
-669.600
-669.500
-669.400
-669.300
-669.200
-669.100
-669.000
-668.900
-668.800
-668.700
-668.600
-668.500
-668.400
-668.300
-668.200
-668.100
-668.000
-667.900
-667.800
-667.700
-667.600
-667.500
-667.400
-667.300
-667.200
-667.100
-667.000
-666.900
-666.800
-666.700
-666.600
-666.500
-666.400
-666.300
-666.200
-666.100
-666.000
-665.900
-665.800
-665.700
-665.600
-665.500
-665.400
-665.300
-665.200
-665.100
-665.000
-664.900
-664.800
-664.700
-664.600
-664.500
-664.400
-664.300
-664.200
-664.100
-664.000
-663.900
-663.800
-663.700
-663.600
-663.500
-663.400
-663.300
-663.200
-663.100
-663.000
-662.900
-662.800
-662.700
-662.600
-662.500
-662.400
-662.300
-662.200
-662.100
-662.000
-661.900
-661.800
-661.700
-661.600
-661.500
-661.400
-661.300
-661.200
-661.100
-661.000
-660.900
-660.800
-660.700
-660.600
-660.500
-660.400
-660.300
-660.200
-660.100
-660.000
-659.900
-659.800
-659.700
-659.600
-659.500
-659.400
-659.300
-659.200
-659.100
-659.000
-658.900
-658.800
-658.700
-658.600
-658.500
-658.400
-658.300
-658.200
-658.100
-658.000
-657.900
-657.800
-657.700
-657.600
-657.500
-657.400
-657.300
-657.200
-657.100
-657.000
-656.900
-656.800
-656.700
-656.600
-656.500
-656.400
-656.300
-656.200
-656.100
-656.000
-655.900
-655.800
-655.700
-655.600
-655.500
-655.400
-655.300
-655.200
-655.100
-655.000
-654.900
-654.800
-654.700
-654.600
-654.500
-654.400
-654.300
-654.200
-654.100
-654.000
-653.900
-653.800
-653.700
-653.600
-653.500
-653.400
-653.300
-653.200
-653.100
-653.000
-652.900
-652.800
-652.700
-652.600
-652.500
-652.400
-652.300
-652.200
-652.100
-652.000
-651.900
-651.800
-651.700
-651.600
-651.500
-651.400
-651.300
-651.200
-651.100
-651.000
-650.900
-650.800
-650.700
-650.600
-650.500
-650.400
-650.300
-650.200
-650.100
-650.000
-649.900
-649.800
-649.700
-649.600
-649.500
-649.400
-649.300
-649.200
-649.100
-649.000
-648.900
-648.800
-648.700
-648.600
-648.500
-648.400
-648.300
-648.200
-648.100
-648.000
-647.900
-647.800
-647.700
-647.600
-647.500
-647.400
-647.300
-647.200
-647.100
-647.000
-646.900
-646.800
-646.700
-646.600
-646.500
-646.400
-646.300
-646.200
-646.100
-646.000
-645.900
-645.800
-645.700
-645.600
-645.500
-645.400
-645.300
-645.200
-645.100
-645.000
-644.900
-644.800
-644.700
-644.600
-644.500
-644.400
-644.300
-644.200
-644.100
-644.000
-643.900
-643.800
-643.700
-643.600
-643.500
-643.400
-643.300
-643.200
-643.100
-643.000
-642.900
-642.800
-642.700
-642.600
-642.500
-642.400
-642.300
-642.200
-642.100
-642.000
-641.900
-641.800
-641.700
-641.600
-641.500
-641.400
-641.300
-641.200
-641.100
-641.000
-640.900
-640.800
-640.700
-640.600
-640.500
-640.400
-640.300
-640.200
-640.100
-640.000
-639.900
-639.800
-639.700
-639.600
-639.500
-639.400
-639.300
-639.200
-639.100
-639.000
-638.900
-638.800
-638.700
-638.600
-638.500
-638.400
-638.300
-638.200
-638.100
-638.000
-637.900
-637.800
-637.700
-637.600
-637.500
-637.400
-637.300
-637.200
-637.100
-637.000
-636.900
-636.800
-636.700
-636.600
-636.500
-636.400
-636.300
-636.200
-636.100
-636.000
-635.900
-635.800
-635.700
-635.600
-635.500
-635.400
-635.300
-635.200
-635.100
-635.000
-634.900
-634.800
-634.700
-634.600
-634.500
-634.400
-634.300
-634.200
-634.100
-634.000
-633.900
-633.800
-633.700
-633.600
-633.500
-633.400
-633.300
-633.200
-633.100
-633.000
-632.900
-632.800
-632.700
-632.600
-632.500
-632.400
-632.300
-632.200
-632.100
-632.000
-631.900
-631.800
-631.700
-631.600
-631.500
-631.400
-631.300
-631.200
-631.100
-631.000
-630.900
-630.800
-630.700
-630.600
-630.500
-630.400
-630.300
-630.200
-630.100
-630.000
-629.900
-629.800
-629.700
-629.600
-629.500
-629.400
-629.300
-629.200
-629.100
-629.000
-628.900
-628.800
-628.700
-628.600
-628.500
-628.400
-628.300
-628.200
-628.100
-628.000
-627.900
-627.800
-627.700
-627.600
-627.500
-627.400
-627.300
-627.200
-627.100
-627.000
-626.900
-626.800
-626.700
-626.600
-626.500
-626.400
-626.300
-626.200
-626.100
-626.000
-625.900
-625.800
-625.700
-625.600
-625.500
-625.400
-625.300
-625.200
-625.100
-625.000
-624.900
-624.800
-624.700
-624.600
-624.500
-624.400
-624.300
-624.200
-624.100
-624.000
-623.900
-623.800
-623.700
-623.600
-623.500
-623.400
-623.300
-623.200
-623.100
-623.000
-622.900
-622.800
-622.700
-622.600
-622.500
-622.400
-622.300
-622.200
-622.100
-622.000
-621.900
-621.800
-621.700
-621.600
-621.500
-621.400
-621.300
-621.200
-621.100
-621.000
-620.900
-620.800
-620.700
-620.600
-620.500
-620.400
-620.300
-620.200
-620.100
-620.000
