
 ____________________________________________________________________________________________
 Temperature: T =    300.00000000000000      K
 Chemical potential: mu =   -3.0412074079560218      eV
 Composition: x =   0.25000000001929246     

  n      m     omega(n,m)       E(n,m)          E-n*mu         prob(n,m,T)   prob(n,m,T)/omega    
  0      1        1            -1124.92044       -1124.92044    0.127146E+00    0.127146E+00
  1      1        8            -1127.92285       -1124.88164    0.226788E+00    0.283485E-01
  2      1       12            -1130.92707       -1124.84465    0.813455E-01    0.677879E-02
  2      2       12            -1130.94920       -1124.86678    0.191475E+00    0.159563E-01
  2      3        4            -1130.91009       -1124.82767    0.140600E-01    0.351501E-02
  3      1       24            -1133.94634       -1124.82272    0.696388E-01    0.290162E-02
  3      2       24            -1133.92814       -1124.80452    0.344454E-01    0.143523E-02
  3      3        8            -1133.99151       -1124.86788    0.133207E+00    0.166509E-01
  4      1        6            -1136.95624       -1124.79141    0.518722E-02    0.864537E-03
  4      2        8            -1136.97736       -1124.81253    0.156550E-01    0.195687E-02
  4      3       24            -1136.93459       -1124.76976    0.897947E-02    0.374145E-03
  4      4       24            -1136.95713       -1124.79230    0.214743E-01    0.894763E-03
  4      5        6            -1136.91448       -1124.74965    0.103133E-02    0.171889E-03
  4      6        2            -1137.05176       -1124.88693    0.695668E-01    0.347834E-01
 ------------------------------
  n      Cumulative prob(n,T) 
     0            0.12715
     1            0.22679
     2            0.28688
     3            0.23729
     4            0.12189
 ------------------------------

 ____________________________________________________________________________________________
 Temperature: T =    1000.0000000000000      K
 Chemical potential: mu =   -3.0986765617596981      eV
 Composition: x =   0.24999999997469510     

  n      m     omega(n,m)       E(n,m)          E-n*mu         prob(n,m,T)   prob(n,m,T)/omega    
  0      1        1            -1124.92044       -1124.92044    0.949391E-01    0.949391E-01
  1      1        8            -1127.92285       -1124.82417    0.248526E+00    0.310658E-01
  2      1       12            -1130.92707       -1124.72971    0.124572E+00    0.103810E-01
  2      2       12            -1130.94920       -1124.75184    0.161047E+00    0.134206E-01
  2      3        4            -1130.91009       -1124.71274    0.340981E-01    0.852451E-02
  3      1       24            -1133.94634       -1124.65031    0.991433E-01    0.413097E-02
  3      2       24            -1133.92814       -1124.63211    0.802689E-01    0.334454E-02
  3      3        8            -1133.99151       -1124.69548    0.558189E-01    0.697736E-02
  4      1        6            -1136.95624       -1124.56154    0.884739E-02    0.147456E-02
  4      2        8            -1136.97736       -1124.58266    0.150726E-01    0.188407E-02
  4      3       24            -1136.93459       -1124.53988    0.275265E-01    0.114694E-02
  4      4       24            -1136.95713       -1124.56243    0.357563E-01    0.148984E-02
  4      5        6            -1136.91448       -1124.51978    0.544947E-02    0.908245E-03
  4      6        2            -1137.05176       -1124.65705    0.893450E-02    0.446725E-02
 ------------------------------
  n      Cumulative prob(n,T) 
     0            0.09494
     1            0.24853
     2            0.31972
     3            0.23523
     4            0.10159
 ------------------------------

 ____________________________________________________________________________________________
 Ideal disorder limit
 Composition: x =   0.25000000000000000     
  n      m     omega(n,m)     E(n,m)                           prob(n,m,T)   prob(n,m,T)/omega    
  0      1        1            -1124.92044                    0.888986E-01    0.888986E-01
  1      1        8            -1127.92285                    0.256632E+00    0.320790E-01
  2      1       12            -1130.92707                    0.138100E+00    0.115084E-01
  2      2       12            -1130.94920                    0.138100E+00    0.115084E-01
  2      3        4            -1130.91009                    0.460334E-01    0.115084E-01
  3      1       24            -1133.94634                    0.985898E-01    0.410791E-02
  3      2       24            -1133.92814                    0.985898E-01    0.410791E-02
  3      3        8            -1133.99151                    0.328633E-01    0.410791E-02
  4      1        6            -1136.95624                    0.875940E-02    0.145990E-02
  4      2        8            -1136.97736                    0.116792E-01    0.145990E-02
  4      3       24            -1136.93459                    0.350376E-01    0.145990E-02
  4      4       24            -1136.95713                    0.350376E-01    0.145990E-02
  4      5        6            -1136.91448                    0.875940E-02    0.145990E-02
  4      6        2            -1137.05176                    0.291980E-02    0.145990E-02
