 List of operators for configuration:            1
           1
   1.00000000       0.00000000       0.00000000       0.00000000    
   0.00000000       1.00000000       0.00000000       0.00000000    
   0.00000000       0.00000000       1.00000000       0.00000000    
           2
   1.00000000       0.00000000       0.00000000       0.00000000    
   0.00000000       1.00000000       0.00000000       0.00000000    
   0.00000000       0.00000000       1.00000000      0.500000000    
           3
  -1.00000000       0.00000000       0.00000000       0.00000000    
   0.00000000      -1.00000000       0.00000000       0.00000000    
   0.00000000       0.00000000       1.00000000       0.00000000    
           4
  -1.00000000       0.00000000       0.00000000       0.00000000    
   0.00000000      -1.00000000       0.00000000       0.00000000    
   0.00000000       0.00000000       1.00000000      0.500000000    
           5
   0.00000000       1.00000000       0.00000000       0.00000000    
   1.00000000       0.00000000       0.00000000       0.00000000    
   0.00000000       0.00000000      -1.00000000       0.00000000    
           6
   0.00000000       1.00000000       0.00000000       0.00000000    
   1.00000000       0.00000000       0.00000000       0.00000000    
   0.00000000       0.00000000      -1.00000000      0.500000000    
           7
   0.00000000      -1.00000000       0.00000000       0.00000000    
  -1.00000000       0.00000000       0.00000000       0.00000000    
   0.00000000       0.00000000      -1.00000000       0.00000000    
           8
   0.00000000      -1.00000000       0.00000000       0.00000000    
  -1.00000000       0.00000000       0.00000000       0.00000000    
   0.00000000       0.00000000      -1.00000000      0.500000000    
           9
  -1.00000000       0.00000000       0.00000000       0.00000000    
   0.00000000      -1.00000000       0.00000000       0.00000000    
   0.00000000       0.00000000      -1.00000000       0.00000000    
          10
  -1.00000000       0.00000000       0.00000000       0.00000000    
   0.00000000      -1.00000000       0.00000000       0.00000000    
   0.00000000       0.00000000      -1.00000000      0.500000000    
          11
   1.00000000       0.00000000       0.00000000       0.00000000    
   0.00000000       1.00000000       0.00000000       0.00000000    
   0.00000000       0.00000000      -1.00000000       0.00000000    
          12
   1.00000000       0.00000000       0.00000000       0.00000000    
   0.00000000       1.00000000       0.00000000       0.00000000    
   0.00000000       0.00000000      -1.00000000      0.500000000    
          13
   0.00000000      -1.00000000       0.00000000       0.00000000    
  -1.00000000       0.00000000       0.00000000       0.00000000    
   0.00000000       0.00000000       1.00000000       0.00000000    
          14
   0.00000000      -1.00000000       0.00000000       0.00000000    
  -1.00000000       0.00000000       0.00000000       0.00000000    
   0.00000000       0.00000000       1.00000000      0.500000000    
          15
   0.00000000       1.00000000       0.00000000       0.00000000    
   1.00000000       0.00000000       0.00000000       0.00000000    
   0.00000000       0.00000000       1.00000000       0.00000000    
          16
   0.00000000       1.00000000       0.00000000       0.00000000    
   1.00000000       0.00000000       0.00000000       0.00000000    
   0.00000000       0.00000000       1.00000000      0.500000000    
           0
 List of operators for configuration:            2
           1
   1.00000000       0.00000000       0.00000000       0.00000000    
   0.00000000       1.00000000       0.00000000       0.00000000    
   0.00000000       0.00000000       1.00000000       0.00000000    
           2
  -1.00000000       0.00000000       0.00000000       0.00000000    
   0.00000000      -1.00000000       0.00000000       0.00000000    
   0.00000000       0.00000000       1.00000000       0.00000000    
           3
  -1.00000000       0.00000000       0.00000000      0.500000000    
   0.00000000       1.00000000       0.00000000      0.500000000    
   0.00000000       0.00000000      -1.00000000      0.250000000    
           4
   1.00000000       0.00000000       0.00000000      0.500000000    
   0.00000000      -1.00000000       0.00000000      0.500000000    
   0.00000000       0.00000000      -1.00000000      0.250000000    
           5
   0.00000000       1.00000000       0.00000000      0.500000000    
  -1.00000000       0.00000000       0.00000000      0.500000000    
   0.00000000       0.00000000      -1.00000000      0.250000000    
           6
   0.00000000      -1.00000000       0.00000000      0.500000000    
   1.00000000       0.00000000       0.00000000      0.500000000    
   0.00000000       0.00000000      -1.00000000      0.250000000    
           7
   0.00000000      -1.00000000       0.00000000       0.00000000    
  -1.00000000       0.00000000       0.00000000       0.00000000    
   0.00000000       0.00000000       1.00000000       0.00000000    
           8
   0.00000000       1.00000000       0.00000000       0.00000000    
   1.00000000       0.00000000       0.00000000       0.00000000    
   0.00000000       0.00000000       1.00000000       0.00000000    
           0
