    4.6365      4.6365      6.1484     90.0000     90.0000     90.0000
           4           8
M      0.0000000    0.0000000    0.0000000
M      0.0000000    0.0000000    0.5000000
M      0.5000000    0.5000000    0.2500000
M      0.5000000    0.5000000    0.7500000
O      0.3055000    0.3055000    0.0000000
O      0.3055000    0.3055000    0.5000000
O      0.6945000    0.6945000    0.0000000
O      0.6945000    0.6945000    0.5000000
O      0.1945000    0.8055000    0.2500000
O      0.1945000    0.8055000    0.7500000
O      0.8055000    0.1945000    0.2500000
O      0.8055000    0.1945000    0.7500000
