         192          24
           1           2           3           4           5           6           7           8           9          10          11          12          13          14          15          16          17          18          19          20          21          22          23          24
           2           1           4           3           6           5           8           7          10           9          12          11          24          22          18          17          16          15          21          23          19          14          20          13
           3           4           1           2           8           7           6           5          11          12           9          10          23          21          17          18          15          16          22          24          14          19          13          20
           4           3           2           1           7           8           5           6          12          11          10           9          20          19          16          15          18          17          14          13          22          21          24          23
           1           4           2           3           8           6           5           7           9          12          10          11          15          13          14          21          22          19          23          17          24          20          18          16
           4           1           3           2           6           8           7           5          12           9          11          10          16          20          19          22          21          14          24          18          23          13          17          15
           2           3           1           4           7           5           6           8          10          11           9          12          18          24          22          19          14          21          20          16          13          23          15          17
           3           2           4           1           5           7           8           6          11          10          12           9          17          23          21          14          19          22          13          15          20          24          16          18
           1           3           4           2           7           6           8           5           9          11          12          10          14          15          13          24          20          23          18          22          16          17          19          21
           3           1           2           4           6           7           5           8          11           9          10          12          21          17          23          20          24          13          16          19          18          15          22          14
           4           2           1           3           5           8           6           7          12          10           9          11          19          16          20          23          13          24          17          21          15          18          14          22
           2           4           3           1           8           5           7           6          10          12          11           9          22          18          24          13          23          20          15          14          17          16          21          19
           5           6           7           8           1           2           3           4          10           9          11          12          24          18          22          19          21          14          16          20          17          15          23          13
           6           5           8           7           2           1           4           3           9          10          12          11          13          15          14          21          19          22          17          23          16          18          20          24
           7           8           5           6           4           3           2           1          11          12          10           9          23          17          21          14          22          19          15          13          18          16          24          20
           8           7           6           5           3           4           1           2          12          11           9          10          20          16          19          22          14          21          18          24          15          17          13          23
           5           8           6           7           4           2           1           3          10          12           9          11          22          24          18          17          15          16          23          21          13          20          14          19
           8           5           7           6           2           4           3           1          12          10          11           9          19          20          16          15          17          18          13          14          23          24          21          22
           6           7           5           8           3           1           2           4           9          11          10          12          14          13          15          16          18          17          20          19          24          23          22          21
           7           6           8           5           1           3           4           2          11           9          12          10          21          23          17          18          16          15          24          22          20          13          19          14
           5           7           8           6           3           2           4           1          10          11          12           9          18          22          24          13          20          23          14          15          19          21          16          17
           7           5           6           8           2           3           1           4          11          10           9          12          17          21          23          20          13          24          19          16          14          22          15          18
           8           6           5           7           1           4           2           3          12           9          10          11          16          19          20          23          24          13          21          17          22          14          18          15
           6           8           7           5           4           1           3           2           9          12          11          10          15          14          13          24          23          20          22          18          21          19          17          16
           6           8           5           7           3           1           4           2           9          13          14          15          10          11          12          16          19          20          17          18          21          23          22          24
           8           6           7           5           1           3           2           4          13           9          15          14          24          23          20          19          16          12          21          22          17          11          18          10
           5           7           6           8           2           4           1           3          14          15           9          13          22          21          19          20          12          16          23          24          11          17          10          18
           7           5           8           6           4           2           3           1          15          14          13           9          18          17          16          12          20          19          11          10          23          21          24          22
           6           7           8           5           2           1           3           4           9          15          13          14          12          10          11          21          23          17          22          19          24          18          20          16
           7           6           5           8           1           2           4           3          15           9          14          13          16          18          17          23          21          11          24          20          22          10          19          12
           8           5           6           7           4           3           1           2          13          14           9          15          20          24          23          17          11          21          18          16          10          22          12          19
           5           8           7           6           3           4           2           1          14          13          15           9          19          22          21          11          17          23          10          12          18          24          16          20
           6           5           7           8           4           1           2           3           9          14          15          13          11          12          10          24          18          22          20          23          16          19          17          21
           5           6           8           7           1           4           3           2          14           9          13          15          21          19          22          18          24          10          16          17          20          12          23          11
           7           8           6           5           3           2           1           4          15          13           9          14          17          16          18          22          10          24          19          21          12          20          11          23
           8           7           5           6           2           3           4           1          13          15          14           9          23          20          24          10          22          18          12          11          19          16          21          17
           3           1           4           2           6           8           5           7          13           9          14          15          24          20          23          17          21          11          16          18          19          12          22          10
           1           3           2           4           8           6           7           5           9          13          15          14          10          12          11          21          17          23          19          22          16          20          18          24
           4           2           3           1           7           5           8           6          14          15          13           9          22          19          21          11          23          17          12          10          20          16          24          18
           2           4           1           3           5           7           6           8          15          14           9          13          18          16          17          23          11          21          20          24          12          19          10          22
           3           2           1           4           7           8           6           5          13          15           9          14          23          24          20          19          12          16          22          21          10          18          11          17
           2           3           4           1           8           7           5           6          15          13          14           9          17          18          16          12          19          20          10          11          22          24          21          23
           1           4           3           2           5           6           8           7           9          14          13          15          11          10          12          16          20          19          18          17          24          22          23          21
           4           1           2           3           6           5           7           8          14           9          15          13          21          22          19          20          16          12          24          23          18          10          17          11
           3           4           2           1           5           8           7           6          13          14          15           9          20          23          24          10          18          22          11          12          17          21          16          19
           4           3           1           2           8           5           6           7          14          13           9          15          19          21          22          18          10          24          17          16          11          23          12          20
           2           1           3           4           6           7           8           5          15           9          13          14          16          17          18          22          24          10          21          19          23          11          20          12
           1           2           4           3           7           6           5           8           9          15          14          13          12          11          10          24          22          18          23          20          21          17          19          16
           3           4           1           2           6           5           8           7          16          17          18          15          19          20          12           9          10          11          13          14          24          23          22          21
           4           3           2           1           5           6           7           8          17          16          15          18          21          23          11          10           9          12          24          22          13          20          14          19
           1           2           3           4           7           8           5           6          18          15          16          17          22          24          10          11          12           9          23          21          20          13          19          14
           2           1           4           3           8           7           6           5          15          18          17          16          14          13           9          12          11          10          20          19          23          24          21          22
           3           2           4           1           7           5           6           8          16          15          17          18          12          19          20          24          23          13          22          10          21          14          11           9
           2           3           1           4           5           7           8           6          15          16          18          17           9          14          13          23          24          20          21          11          22          19          10          12
           4           1           3           2           8           6           5           7          17          18          16          15          11          21          23          13          20          24          14           9          19          22          12          10
           1           4           2           3           6           8           7           5          18          17          15          16          10          22          24          20          13          23          19          12          14          21           9          11
           3           1           2           4           8           5           7           6          16          18          15          17          20          12          19          21          14          22          11          23           9          10          13          24
           1           3           4           2           5           8           6           7          18          16          17          15          24          10          22          14          21          19           9          13          11          12          23          20
           2           4           3           1           6           7           5           8          15          17          16          18          13           9          14          22          19          21          10          24          12          11          20          23
           4           2           1           3           7           6           8           5          17          15          18          16          23          11          21          19          22          14          12          20          10           9          24          13
           6           5           8           7           3           4           1           2          17          16          18          15          21          11          23          13          24          20           9          14          10          12          22          19
           5           6           7           8           4           3           2           1          16          17          15          18          19          12          20          24          13          23          10          22           9          11          14          21
           8           7           6           5           2           1           4           3          18          15          17          16          22          10          24          20          23          13          12          19          11           9          21          14
           7           8           5           6           1           2           3           4          15          18          16          17          14           9          13          23          20          24          11          21          12          10          19          22
           6           7           5           8           2           4           3           1          17          15          16          18          23          21          11          10          12           9          22          24          19          14          20          13
           7           6           8           5           4           2           1           3          15          17          18          16          13          14           9          12          10          11          19          20          22          21          24          23
           5           8           6           7           1           3           4           2          16          18          17          15          20          19          12           9          11          10          14          13          21          22          23          24
           8           5           7           6           3           1           2           4          18          16          15          17          24          22          10          11           9          12          21          23          14          19          13          20
           6           8           7           5           1           4           2           3          17          18          15          16          11          23          21          19          14          22          20          12          13          24           9          10
           8           6           5           7           4           1           3           2          18          17          16          15          10          24          22          14          19          21          13           9          20          23          12          11
           7           5           6           8           3           2           4           1          15          16          17          18           9          13          14          22          21          19          24          10          23          20          11          12
           5           7           8           6           2           3           1           4          16          15          18          17          12          20          19          21          22          14          23          11          24          13          10           9
           5           7           6           8           1           3           2           4          16          19          20          12          17          18          15           9          13          14          10          11          24          22          23          21
           7           5           8           6           3           1           4           2          19          16          12          20          21          22          14          13           9          15          24          23          10          18          11          17
           6           8           5           7           4           2           3           1          20          12          16          19          23          24          13          14          15           9          22          21          18          10          17          11
           8           6           7           5           2           4           1           3          12          20          19          16          11          10           9          15          14          13          18          17          22          24          21          23
           5           8           7           6           4           3           1           2          16          12          19          20          15          17          18          24          22          10          23          13          21          11          14           9
           8           5           6           7           3           4           2           1          12          16          20          19           9          11          10          22          24          18          21          14          23          17          13          15
           7           6           5           8           2           1           3           4          19          20          16          12          14          21          22          10          18          24          11           9          17          23          15          13
           6           7           8           5           1           2           4           3          20          19          12          16          13          23          24          18          10          22          17          15          11          21           9          14
           5           6           8           7           2           3           4           1          16          20          12          19          18          15          17          21          11          23          14          22           9          13          10          24
           6           5           7           8           3           2           1           4          20          16          19          12          24          13          23          11          21          17           9          10          14          15          22          18
           8           7           5           6           1           4           3           2          12          19          16          20          10           9          11          23          17          21          13          24          15          14          18          22
           7           8           6           5           4           1           2           3          19          12          20          16          22          14          21          17          23          11          15          18          13           9          24          10
           1           3           2           4           5           7           6           8          19          16          20          12          21          14          22          10          24          18           9          11          13          15          23          17
           3           1           4           2           7           5           8           6          16          19          12          20          17          15          18          24          10          22          13          23           9          14          11          21
           2           4           1           3           8           6           7           5          20          12          19          16          23          13          24          18          22          10          15          17          14           9          21          11
           4           2           3           1           6           8           5           7          12          20          16          19          11           9          10          22          18          24          14          21          15          13          17          23
           1           4           3           2           8           7           5           6          19          12          16          20          22          21          14          13          15           9          23          24          17          11          18          10
           4           1           2           3           7           8           6           5          12          19          20          16          10          11           9          15          13          14          17          18          23          21          24          22
           3           2           1           4           6           5           7           8          16          20          19          12          18          17          15           9          14          13          11          10          21          23          22          24
           2           3           4           1           5           6           8           7          20          16          12          19          24          23          13          14           9          15          21          22          11          17          10          18
           1           2           4           3           6           7           8           5          19          20          12          16          14          22          21          17          11          23          18          15          10          24           9          13
           2           1           3           4           7           6           5           8          20          19          16          12          13          24          23          11          17          21          10           9          18          22          15          14
           4           3           1           2           5           8           7           6          12          16          19          20           9          10          11          23          21          17          24          13          22          18          14          15
           3           4           2           1           8           5           6           7          16          12          20          19          15          18          17          21          23          11          22          14          24          10          13           9
           2           1           4           3           7           8           5           6          21          19          14          22          17          11          23          24          13          20          10          18           9          12          15          16
           1           2           3           4           8           7           6           5          19          21          22          14          16          12          20          13          24          23           9          15          10          11          18          17
           4           3           2           1           6           5           8           7          14          22          21          19          15           9          13          20          23          24          12          16          11          10          17          18
           3           4           1           2           5           6           7           8          22          14          19          21          18          10          24          23          20          13          11          17          12           9          16          15
           2           3           1           4           6           8           7           5          21          22          19          14          23          17          11           9          12          10          15          13          16          18          20          24
           3           2           4           1           8           6           5           7          22          21          14          19          24          18          10          12           9          11          16          20          15          17          13          23
           1           4           2           3           5           7           8           6          19          14          21          22          20          16          12          10          11           9          18          24          17          15          23          13
           4           1           3           2           7           5           6           8          14          19          22          21          13          15           9          11          10          12          17          23          18          16          24          20
           2           4           3           1           5           8           6           7          21          14          22          19          11          23          17          16          18          15          20          12          24          13          10           9
           4           2           1           3           8           5           7           6          14          21          19          22           9          13          15          18          16          17          24          10          20          23          12          11
           3           1           2           4           7           6           8           5          22          19          21          14          10          24          18          15          17          16          13           9          23          20          11          12
           1           3           4           2           6           7           5           8          19          22          14          21          12          20          16          17          15          18          23          11          13          24           9          10
           7           8           5           6           2           1           4           3          19          21          14          22          16          20          12          10           9          11          24          18          13          23          15          17
           8           7           6           5           1           2           3           4          21          19          22          14          17          23          11           9          10          12          13          15          24          20          18          16
           5           6           7           8           3           4           1           2          14          22          19          21          15          13           9          11          12          10          23          17          20          24          16          18
           6           5           8           7           4           3           2           1          22          14          21          19          18          24          10          12          11           9          20          16          23          13          17          15
           7           6           8           5           3           1           2           4          19          22          21          14          12          16          20          13          23          24          15           9          17          18          11          10
           6           7           5           8           1           3           4           2          22          19          14          21          10          18          24          23          13          20          17          11          15          16           9          12
           8           5           7           6           4           2           1           3          21          14          19          22          11          17          23          24          20          13          18          10          16          15          12           9
           5           8           6           7           2           4           3           1          14          21          22          19           9          15          13          20          24          23          16          12          18          17          10          11
           7           5           6           8           4           1           3           2          19          14          22          21          20          12          16          17          18          15          11          23          10           9          24          13
           5           7           8           6           1           4           2           3          14          19          21          22          13           9          15          18          17          16          10          24          11          12          23          20
           6           8           7           5           2           3           1           4          22          21          19          14          24          10          18          15          16          17           9          13          12          11          20          23
           8           6           5           7           3           2           4           1          21          22          14          19          23          11          17          16          15          18          12          20           9          10          13          24
           8           6           7           5           4           2           3           1          21          17          11          23          19          14          22          24          10          18          13          20           9          15          12          16
           6           8           5           7           2           4           1           3          17          21          23          11          16          15          18          10          24          22           9          12          13          14          20          19
           7           5           8           6           1           3           2           4          11          23          21          17          12           9          10          18          22          24          15          16          14          13          19          20
           5           7           6           8           3           1           4           2          23          11          17          21          20          13          24          22          18          10          14          19          15           9          16          12
           8           5           6           7           1           2           4           3          21          23          17          11          22          19          14           9          15          13          12          10          16          20          18          24
           5           8           7           6           2           1           3           4          23          21          11          17          24          20          13          15           9          14          16          18          12          19          10          22
           6           7           8           5           3           4           2           1          17          11          21          23          18          16          15          13          14           9          20          24          19          12          22          10
           7           6           5           8           4           3           1           2          11          17          23          21          10          12           9          14          13          15          19          22          20          16          24          18
           8           7           5           6           3           2           1           4          21          11          23          17          14          22          19          16          20          12          18          15          24          10          13           9
           7           8           6           5           2           3           4           1          11          21          17          23           9          10          12          20          16          19          24          13          18          22          15          14
           5           6           8           7           4           1           2           3          23          17          21          11          13          24          20          12          19          16          10           9          22          18          14          15
           6           5           7           8           1           4           3           2          17          23          11          21          15          18          16          19          12          20          22          14          10          24           9          13
           4           2           3           1           8           6           7           5          17          21          11          23          16          18          15          13           9          14          24          20          10          22          12          19
           2           4           1           3           6           8           5           7          21          17          23          11          19          22          14           9          13          15          10          12          24          18          20          16
           3           1           4           2           5           7           6           8          11          23          17          21          12          10           9          14          15          13          22          19          18          24          16          20
           1           3           2           4           7           5           8           6          23          11          21          17          20          24          13          15          14           9          18          16          22          10          19          12
           4           1           2           3           5           6           8           7          17          23          21          11          15          16          18          10          22          24          12           9          19          20          14          13
           1           4           3           2           6           5           7           8          23          17          11          21          13          20          24          22          10          18          19          14          12          16           9          15
           2           3           4           1           7           8           6           5          21          11          17          23          14          19          22          24          18          10          20          13          16          12          15           9
           3           2           1           4           8           7           5           6          11          21          23          17           9          12          10          18          24          22          16          15          20          19          13          14
           4           3           1           2           7           6           5           8          17          11          23          21          18          15          16          19          20          12          14          22          13           9          24          10
           3           4           2           1           6           7           8           5          11          17          21          23          10           9          12          20          19          16          13          24          14          15          22          18
           1           2           4           3           8           5           6           7          23          21          17          11          24          13          20          12          16          19           9          10          15          14          18          22
           2           1           3           4           5           8           7           6          21          23          11          17          22          14          19          16          12          20          15          18           9          13          10          24
           4           3           2           1           8           7           6           5          24          13          20          23          10          18          22          21          19          14          17          11          16          15          12           9
           3           4           1           2           7           8           5           6          13          24          23          20           9          15          14          19          21          22          16          12          17          18          11          10
           2           1           4           3           5           6           7           8          20          23          24          13          12          16          19          14          22          21          15           9          18          17          10          11
           1           2           3           4           6           5           8           7          23          20          13          24          11          17          21          22          14          19          18          10          15          16           9          12
           4           1           3           2           5           7           8           6          24          23          13          20          22          10          18          16          15          17          12          19           9          11          14          21
           1           4           2           3           7           5           6           8          23          24          20          13          21          11          17          15          16          18           9          14          12          10          19          22
           3           2           4           1           6           8           7           5          13          20          24          23          14           9          15          17          18          16          11          21          10          12          22          19
           2           3           1           4           8           6           5           7          20          13          23          24          19          12          16          18          17          15          10          22          11           9          21          14
           4           2           1           3           6           7           5           8          24          20          23          13          18          22          10           9          11          12          14          15          21          19          17          16
           2           4           3           1           7           6           8           5          20          24          13          23          16          19          12          11           9          10          21          17          14          22          15          18
           1           3           4           2           8           5           7           6          23          13          24          20          17          21          11          12          10           9          19          16          22          14          18          15
           3           1           2           4           5           8           6           7          13          23          20          24          15          14           9          10          12          11          22          18          19          21          16          17
           8           7           6           5           4           3           2           1          13          24          20          23           9          14          15          17          16          18          21          11          19          22          12          10
           7           8           5           6           3           4           1           2          24          13          23          20          10          22          18          16          17          15          19          12          21          14          11           9
           6           5           8           7           1           2           3           4          20          23          13          24          12          19          16          18          15          17          22          10          14          21           9          11
           5           6           7           8           2           1           4           3          23          20          24          13          11          21          17          15          18          16          14           9          22          19          10          12
           8           5           7           6           1           3           4           2          13          23          24          20          15           9          14          19          22          21          12          16          10          11          18          17
           5           8           6           7           3           1           2           4          23          13          20          24          17          11          21          22          19          14          10          18          12           9          16          15
           7           6           8           5           2           4           3           1          24          20          13          23          18          10          22          21          14          19          11          17           9          12          15          16
           6           7           5           8           4           2           1           3          20          24          23          13          16          12          19          14          21          22           9          15          11          10          17          18
           8           6           5           7           2           3           1           4          13          20          23          24          14          15           9          10          11          12          18          22          17          16          21          19
           6           8           7           5           3           2           4           1          20          13          24          23          19          16          12          11          10           9          17          21          18          15          22          14
           5           7           8           6           4           1           3           2          23          24          13          20          21          17          11          12           9          10          16          19          15          18          14          22
           7           5           6           8           1           4           2           3          24          23          20          13          22          18          10           9          12          11          15          14          16          17          19          21
           7           5           8           6           2           4           1           3          24          10          18          22          13          20          23          21          17          11          19          14          16          12          15           9
           5           7           6           8           4           2           3           1          10          24          22          18           9          12          11          17          21          23          16          15          19          20          14          13
           8           6           7           5           3           1           4           2          18          22          24          10          15          16          17          11          23          21          12           9          20          19          13          14
           6           8           5           7           1           3           2           4          22          18          10          24          14          19          21          23          11          17          20          13          12          16           9          15
           7           6           5           8           3           4           2           1          24          22          10          18          23          13          20          16          12          19          15          17           9          14          11          21
           6           7           8           5           4           3           1           2          22          24          18          10          21          14          19          12          16          20           9          11          15          13          17          23
           5           8           7           6           1           2           4           3          10          18          24          22          11           9          12          19          20          16          14          21          13          15          23          17
           8           5           6           7           2           1           3           4          18          10          22          24          17          15          16          20          19          12          13          23          14           9          21          11
           7           8           6           5           1           4           3           2          24          18          22          10          20          23          13           9          14          15          11          12          21          17          19          16
           8           7           5           6           4           1           2           3          18          24          10          22          16          17          15          14           9          13          21          19          11          23          12          20
           6           5           7           8           2           3           4           1          22          10          24          18          19          21          14          15          13           9          17          16          23          11          20          12
           5           6           8           7           3           2           1           4          10          22          18          24          12          11           9          13          15          14          23          20          17          21          16          19
           2           4           1           3           7           5           8           6          10          24          18          22           9          11          12          19          16          20          21          14          17          23          15          13
           4           2           3           1           5           7           6           8          24          10          22          18          13          23          20          16          19          12          17          15          21          11          14           9
           1           3           2           4           6           8           5           7          18          22          10          24          15          17          16          20          12          19          23          13          11          21           9          14
           3           1           4           2           8           6           7           5          22          18          24          10          14          21          19          12          20          16          11           9          23          17          13          15
           2           3           4           1           6           5           7           8          10          22          24          18          12           9          11          17          23          21          15          16          13          14          20          19
           3           2           1           4           5           6           8           7          22          10          18          24          19          14          21          23          17          11          13          20          15           9          16          12
           4           1           2           3           8           7           5           6          24          18          10          22          20          13          23          21          11          17          14          19           9          15          12          16
           1           4           3           2           7           8           6           5          18          24          22          10          16          15          17          11          21          23           9          12          14          13          19          20
           2           1           3           4           8           5           6           7          10          18          22          24          11          12           9          13          14          15          20          23          19          16          21          17
           1           2           4           3           5           8           7           6          18          10          24          22          17          16          15          14          13           9          19          21          20          12          23          11
           3           4           2           1           7           6           5           8          22          24          10          18          21          19          14          15           9          13          16          17          12          20          11          23
           4           3           1           2           6           7           8           5          24          22          18          10          23          20          13           9          15          14          12          11          16          19          17          21
