         192
 Operator number            1
   1.00000000       0.00000000       0.00000000       0.00000000    
   0.00000000       1.00000000       0.00000000       0.00000000    
   0.00000000       0.00000000       1.00000000       0.00000000    
 Operator number            2
  -1.00000000       0.00000000       0.00000000      0.750000000    
   0.00000000      -1.00000000       0.00000000      0.250000000    
   0.00000000       0.00000000       1.00000000      0.500000000    
 Operator number            3
  -1.00000000       0.00000000       0.00000000      0.250000000    
   0.00000000       1.00000000       0.00000000      0.500000000    
   0.00000000       0.00000000      -1.00000000      0.750000000    
 Operator number            4
   1.00000000       0.00000000       0.00000000      0.500000000    
   0.00000000      -1.00000000       0.00000000      0.750000000    
   0.00000000       0.00000000      -1.00000000      0.250000000    
 Operator number            5
   0.00000000       0.00000000       1.00000000       0.00000000    
   1.00000000       0.00000000       0.00000000       0.00000000    
   0.00000000       1.00000000       0.00000000       0.00000000    
 Operator number            6
   0.00000000       0.00000000       1.00000000      0.500000000    
  -1.00000000       0.00000000       0.00000000      0.750000000    
   0.00000000      -1.00000000       0.00000000      0.250000000    
 Operator number            7
   0.00000000       0.00000000      -1.00000000      0.750000000    
  -1.00000000       0.00000000       0.00000000      0.250000000    
   0.00000000       1.00000000       0.00000000      0.500000000    
 Operator number            8
   0.00000000       0.00000000      -1.00000000      0.250000000    
   1.00000000       0.00000000       0.00000000      0.500000000    
   0.00000000      -1.00000000       0.00000000      0.750000000    
 Operator number            9
   0.00000000       1.00000000       0.00000000       0.00000000    
   0.00000000       0.00000000       1.00000000       0.00000000    
   1.00000000       0.00000000       0.00000000       0.00000000    
 Operator number           10
   0.00000000      -1.00000000       0.00000000      0.250000000    
   0.00000000       0.00000000       1.00000000      0.500000000    
  -1.00000000       0.00000000       0.00000000      0.750000000    
 Operator number           11
   0.00000000       1.00000000       0.00000000      0.500000000    
   0.00000000       0.00000000      -1.00000000      0.750000000    
  -1.00000000       0.00000000       0.00000000      0.250000000    
 Operator number           12
   0.00000000      -1.00000000       0.00000000      0.750000000    
   0.00000000       0.00000000      -1.00000000      0.250000000    
   1.00000000       0.00000000       0.00000000      0.500000000    
 Operator number           13
   0.00000000       1.00000000       0.00000000      0.750000000    
   1.00000000       0.00000000       0.00000000      0.250000000    
   0.00000000       0.00000000      -1.00000000      0.500000000    
 Operator number           14
   0.00000000      -1.00000000       0.00000000       0.00000000    
  -1.00000000       0.00000000       0.00000000       0.00000000    
   0.00000000       0.00000000      -1.00000000       0.00000000    
 Operator number           15
   0.00000000       1.00000000       0.00000000      0.250000000    
  -1.00000000       0.00000000       0.00000000      0.500000000    
   0.00000000       0.00000000       1.00000000      0.750000000    
 Operator number           16
   0.00000000      -1.00000000       0.00000000      0.500000000    
   1.00000000       0.00000000       0.00000000      0.750000000    
   0.00000000       0.00000000       1.00000000      0.250000000    
 Operator number           17
   1.00000000       0.00000000       0.00000000      0.750000000    
   0.00000000       0.00000000       1.00000000      0.250000000    
   0.00000000      -1.00000000       0.00000000      0.500000000    
 Operator number           18
  -1.00000000       0.00000000       0.00000000      0.500000000    
   0.00000000       0.00000000       1.00000000      0.750000000    
   0.00000000       1.00000000       0.00000000      0.250000000    
 Operator number           19
  -1.00000000       0.00000000       0.00000000       0.00000000    
   0.00000000       0.00000000      -1.00000000       0.00000000    
   0.00000000      -1.00000000       0.00000000       0.00000000    
 Operator number           20
   1.00000000       0.00000000       0.00000000      0.250000000    
   0.00000000       0.00000000      -1.00000000      0.500000000    
   0.00000000       1.00000000       0.00000000      0.750000000    
 Operator number           21
   0.00000000       0.00000000       1.00000000      0.750000000    
   0.00000000       1.00000000       0.00000000      0.250000000    
  -1.00000000       0.00000000       0.00000000      0.500000000    
 Operator number           22
   0.00000000       0.00000000       1.00000000      0.250000000    
   0.00000000      -1.00000000       0.00000000      0.500000000    
   1.00000000       0.00000000       0.00000000      0.750000000    
 Operator number           23
   0.00000000       0.00000000      -1.00000000      0.500000000    
   0.00000000       1.00000000       0.00000000      0.750000000    
   1.00000000       0.00000000       0.00000000      0.250000000    
 Operator number           24
   0.00000000       0.00000000      -1.00000000       0.00000000    
   0.00000000      -1.00000000       0.00000000       0.00000000    
  -1.00000000       0.00000000       0.00000000       0.00000000    
 Operator number           25
  -1.00000000       0.00000000       0.00000000       0.00000000    
   0.00000000      -1.00000000       0.00000000       0.00000000    
   0.00000000       0.00000000      -1.00000000       0.00000000    
 Operator number           26
   1.00000000       0.00000000       0.00000000      0.250000000    
   0.00000000       1.00000000       0.00000000      0.750000000    
   0.00000000       0.00000000      -1.00000000      0.500000000    
 Operator number           27
   1.00000000       0.00000000       0.00000000      0.750000000    
   0.00000000      -1.00000000       0.00000000      0.500000000    
   0.00000000       0.00000000       1.00000000      0.250000000    
 Operator number           28
  -1.00000000       0.00000000       0.00000000      0.500000000    
   0.00000000       1.00000000       0.00000000      0.250000000    
   0.00000000       0.00000000       1.00000000      0.750000000    
 Operator number           29
   0.00000000       0.00000000      -1.00000000       0.00000000    
  -1.00000000       0.00000000       0.00000000       0.00000000    
   0.00000000      -1.00000000       0.00000000       0.00000000    
 Operator number           30
   0.00000000       0.00000000      -1.00000000      0.500000000    
   1.00000000       0.00000000       0.00000000      0.250000000    
   0.00000000       1.00000000       0.00000000      0.750000000    
 Operator number           31
   0.00000000       0.00000000       1.00000000      0.250000000    
   1.00000000       0.00000000       0.00000000      0.750000000    
   0.00000000      -1.00000000       0.00000000      0.500000000    
 Operator number           32
   0.00000000       0.00000000       1.00000000      0.750000000    
  -1.00000000       0.00000000       0.00000000      0.500000000    
   0.00000000       1.00000000       0.00000000      0.250000000    
 Operator number           33
   0.00000000      -1.00000000       0.00000000       0.00000000    
   0.00000000       0.00000000      -1.00000000       0.00000000    
  -1.00000000       0.00000000       0.00000000       0.00000000    
 Operator number           34
   0.00000000       1.00000000       0.00000000      0.750000000    
   0.00000000       0.00000000      -1.00000000      0.500000000    
   1.00000000       0.00000000       0.00000000      0.250000000    
 Operator number           35
   0.00000000      -1.00000000       0.00000000      0.500000000    
   0.00000000       0.00000000       1.00000000      0.250000000    
   1.00000000       0.00000000       0.00000000      0.750000000    
 Operator number           36
   0.00000000       1.00000000       0.00000000      0.250000000    
   0.00000000       0.00000000       1.00000000      0.750000000    
  -1.00000000       0.00000000       0.00000000      0.500000000    
 Operator number           37
   0.00000000      -1.00000000       0.00000000      0.250000000    
  -1.00000000       0.00000000       0.00000000      0.750000000    
   0.00000000       0.00000000       1.00000000      0.500000000    
 Operator number           38
   0.00000000       1.00000000       0.00000000       0.00000000    
   1.00000000       0.00000000       0.00000000       0.00000000    
   0.00000000       0.00000000       1.00000000       0.00000000    
 Operator number           39
   0.00000000      -1.00000000       0.00000000      0.750000000    
   1.00000000       0.00000000       0.00000000      0.500000000    
   0.00000000       0.00000000      -1.00000000      0.250000000    
 Operator number           40
   0.00000000       1.00000000       0.00000000      0.500000000    
  -1.00000000       0.00000000       0.00000000      0.250000000    
   0.00000000       0.00000000      -1.00000000      0.750000000    
 Operator number           41
  -1.00000000       0.00000000       0.00000000      0.250000000    
   0.00000000       0.00000000      -1.00000000      0.750000000    
   0.00000000       1.00000000       0.00000000      0.500000000    
 Operator number           42
   1.00000000       0.00000000       0.00000000      0.500000000    
   0.00000000       0.00000000      -1.00000000      0.250000000    
   0.00000000      -1.00000000       0.00000000      0.750000000    
 Operator number           43
   1.00000000       0.00000000       0.00000000       0.00000000    
   0.00000000       0.00000000       1.00000000       0.00000000    
   0.00000000       1.00000000       0.00000000       0.00000000    
 Operator number           44
  -1.00000000       0.00000000       0.00000000      0.750000000    
   0.00000000       0.00000000       1.00000000      0.500000000    
   0.00000000      -1.00000000       0.00000000      0.250000000    
 Operator number           45
   0.00000000       0.00000000      -1.00000000      0.250000000    
   0.00000000      -1.00000000       0.00000000      0.750000000    
   1.00000000       0.00000000       0.00000000      0.500000000    
 Operator number           46
   0.00000000       0.00000000      -1.00000000      0.750000000    
   0.00000000       1.00000000       0.00000000      0.500000000    
  -1.00000000       0.00000000       0.00000000      0.250000000    
 Operator number           47
   0.00000000       0.00000000       1.00000000      0.500000000    
   0.00000000      -1.00000000       0.00000000      0.250000000    
  -1.00000000       0.00000000       0.00000000      0.750000000    
 Operator number           48
   0.00000000       0.00000000       1.00000000       0.00000000    
   0.00000000       1.00000000       0.00000000       0.00000000    
   1.00000000       0.00000000       0.00000000       0.00000000    
 Operator number           49
   1.00000000       0.00000000       0.00000000       0.00000000    
   0.00000000       1.00000000       0.00000000      0.500000000    
   0.00000000       0.00000000       1.00000000      0.500000000    
 Operator number           50
  -1.00000000       0.00000000       0.00000000      0.750000000    
   0.00000000      -1.00000000       0.00000000      0.750000000    
   0.00000000       0.00000000       1.00000000       0.00000000    
 Operator number           51
  -1.00000000       0.00000000       0.00000000      0.250000000    
   0.00000000       1.00000000       0.00000000       0.00000000    
   0.00000000       0.00000000      -1.00000000      0.250000000    
 Operator number           52
   1.00000000       0.00000000       0.00000000      0.500000000    
   0.00000000      -1.00000000       0.00000000      0.250000000    
   0.00000000       0.00000000      -1.00000000      0.750000000    
 Operator number           53
   0.00000000       0.00000000       1.00000000       0.00000000    
   1.00000000       0.00000000       0.00000000      0.500000000    
   0.00000000       1.00000000       0.00000000      0.500000000    
 Operator number           54
   0.00000000       0.00000000       1.00000000      0.500000000    
  -1.00000000       0.00000000       0.00000000      0.250000000    
   0.00000000      -1.00000000       0.00000000      0.750000000    
 Operator number           55
   0.00000000       0.00000000      -1.00000000      0.750000000    
  -1.00000000       0.00000000       0.00000000      0.750000000    
   0.00000000       1.00000000       0.00000000       0.00000000    
 Operator number           56
   0.00000000       0.00000000      -1.00000000      0.250000000    
   1.00000000       0.00000000       0.00000000       0.00000000    
   0.00000000      -1.00000000       0.00000000      0.250000000    
 Operator number           57
   0.00000000       1.00000000       0.00000000       0.00000000    
   0.00000000       0.00000000       1.00000000      0.500000000    
   1.00000000       0.00000000       0.00000000      0.500000000    
 Operator number           58
   0.00000000      -1.00000000       0.00000000      0.250000000    
   0.00000000       0.00000000       1.00000000       0.00000000    
  -1.00000000       0.00000000       0.00000000      0.250000000    
 Operator number           59
   0.00000000       1.00000000       0.00000000      0.500000000    
   0.00000000       0.00000000      -1.00000000      0.250000000    
  -1.00000000       0.00000000       0.00000000      0.750000000    
 Operator number           60
   0.00000000      -1.00000000       0.00000000      0.750000000    
   0.00000000       0.00000000      -1.00000000      0.750000000    
   1.00000000       0.00000000       0.00000000       0.00000000    
 Operator number           61
   0.00000000       1.00000000       0.00000000      0.750000000    
   1.00000000       0.00000000       0.00000000      0.750000000    
   0.00000000       0.00000000      -1.00000000       0.00000000    
 Operator number           62
   0.00000000      -1.00000000       0.00000000       0.00000000    
  -1.00000000       0.00000000       0.00000000      0.500000000    
   0.00000000       0.00000000      -1.00000000      0.500000000    
 Operator number           63
   0.00000000       1.00000000       0.00000000      0.250000000    
  -1.00000000       0.00000000       0.00000000       0.00000000    
   0.00000000       0.00000000       1.00000000      0.250000000    
 Operator number           64
   0.00000000      -1.00000000       0.00000000      0.500000000    
   1.00000000       0.00000000       0.00000000      0.250000000    
   0.00000000       0.00000000       1.00000000      0.750000000    
 Operator number           65
   1.00000000       0.00000000       0.00000000      0.750000000    
   0.00000000       0.00000000       1.00000000      0.750000000    
   0.00000000      -1.00000000       0.00000000       0.00000000    
 Operator number           66
  -1.00000000       0.00000000       0.00000000      0.500000000    
   0.00000000       0.00000000       1.00000000      0.250000000    
   0.00000000       1.00000000       0.00000000      0.750000000    
 Operator number           67
  -1.00000000       0.00000000       0.00000000       0.00000000    
   0.00000000       0.00000000      -1.00000000      0.500000000    
   0.00000000      -1.00000000       0.00000000      0.500000000    
 Operator number           68
   1.00000000       0.00000000       0.00000000      0.250000000    
   0.00000000       0.00000000      -1.00000000       0.00000000    
   0.00000000       1.00000000       0.00000000      0.250000000    
 Operator number           69
   0.00000000       0.00000000       1.00000000      0.750000000    
   0.00000000       1.00000000       0.00000000      0.750000000    
  -1.00000000       0.00000000       0.00000000       0.00000000    
 Operator number           70
   0.00000000       0.00000000       1.00000000      0.250000000    
   0.00000000      -1.00000000       0.00000000       0.00000000    
   1.00000000       0.00000000       0.00000000      0.250000000    
 Operator number           71
   0.00000000       0.00000000      -1.00000000      0.500000000    
   0.00000000       1.00000000       0.00000000      0.250000000    
   1.00000000       0.00000000       0.00000000      0.750000000    
 Operator number           72
   0.00000000       0.00000000      -1.00000000       0.00000000    
   0.00000000      -1.00000000       0.00000000      0.500000000    
  -1.00000000       0.00000000       0.00000000      0.500000000    
 Operator number           73
  -1.00000000       0.00000000       0.00000000       0.00000000    
   0.00000000      -1.00000000       0.00000000      0.500000000    
   0.00000000       0.00000000      -1.00000000      0.500000000    
 Operator number           74
   1.00000000       0.00000000       0.00000000      0.250000000    
   0.00000000       1.00000000       0.00000000      0.250000000    
   0.00000000       0.00000000      -1.00000000       0.00000000    
 Operator number           75
   1.00000000       0.00000000       0.00000000      0.750000000    
   0.00000000      -1.00000000       0.00000000       0.00000000    
   0.00000000       0.00000000       1.00000000      0.750000000    
 Operator number           76
  -1.00000000       0.00000000       0.00000000      0.500000000    
   0.00000000       1.00000000       0.00000000      0.750000000    
   0.00000000       0.00000000       1.00000000      0.250000000    
 Operator number           77
   0.00000000       0.00000000      -1.00000000       0.00000000    
  -1.00000000       0.00000000       0.00000000      0.500000000    
   0.00000000      -1.00000000       0.00000000      0.500000000    
 Operator number           78
   0.00000000       0.00000000      -1.00000000      0.500000000    
   1.00000000       0.00000000       0.00000000      0.750000000    
   0.00000000       1.00000000       0.00000000      0.250000000    
 Operator number           79
   0.00000000       0.00000000       1.00000000      0.250000000    
   1.00000000       0.00000000       0.00000000      0.250000000    
   0.00000000      -1.00000000       0.00000000       0.00000000    
 Operator number           80
   0.00000000       0.00000000       1.00000000      0.750000000    
  -1.00000000       0.00000000       0.00000000       0.00000000    
   0.00000000       1.00000000       0.00000000      0.750000000    
 Operator number           81
   0.00000000      -1.00000000       0.00000000       0.00000000    
   0.00000000       0.00000000      -1.00000000      0.500000000    
  -1.00000000       0.00000000       0.00000000      0.500000000    
 Operator number           82
   0.00000000       1.00000000       0.00000000      0.750000000    
   0.00000000       0.00000000      -1.00000000       0.00000000    
   1.00000000       0.00000000       0.00000000      0.750000000    
 Operator number           83
   0.00000000      -1.00000000       0.00000000      0.500000000    
   0.00000000       0.00000000       1.00000000      0.750000000    
   1.00000000       0.00000000       0.00000000      0.250000000    
 Operator number           84
   0.00000000       1.00000000       0.00000000      0.250000000    
   0.00000000       0.00000000       1.00000000      0.250000000    
  -1.00000000       0.00000000       0.00000000       0.00000000    
 Operator number           85
   0.00000000      -1.00000000       0.00000000      0.250000000    
  -1.00000000       0.00000000       0.00000000      0.250000000    
   0.00000000       0.00000000       1.00000000       0.00000000    
 Operator number           86
   0.00000000       1.00000000       0.00000000       0.00000000    
   1.00000000       0.00000000       0.00000000      0.500000000    
   0.00000000       0.00000000       1.00000000      0.500000000    
 Operator number           87
   0.00000000      -1.00000000       0.00000000      0.750000000    
   1.00000000       0.00000000       0.00000000       0.00000000    
   0.00000000       0.00000000      -1.00000000      0.750000000    
 Operator number           88
   0.00000000       1.00000000       0.00000000      0.500000000    
  -1.00000000       0.00000000       0.00000000      0.750000000    
   0.00000000       0.00000000      -1.00000000      0.250000000    
 Operator number           89
  -1.00000000       0.00000000       0.00000000      0.250000000    
   0.00000000       0.00000000      -1.00000000      0.250000000    
   0.00000000       1.00000000       0.00000000       0.00000000    
 Operator number           90
   1.00000000       0.00000000       0.00000000      0.500000000    
   0.00000000       0.00000000      -1.00000000      0.750000000    
   0.00000000      -1.00000000       0.00000000      0.250000000    
 Operator number           91
   1.00000000       0.00000000       0.00000000       0.00000000    
   0.00000000       0.00000000       1.00000000      0.500000000    
   0.00000000       1.00000000       0.00000000      0.500000000    
 Operator number           92
  -1.00000000       0.00000000       0.00000000      0.750000000    
   0.00000000       0.00000000       1.00000000       0.00000000    
   0.00000000      -1.00000000       0.00000000      0.750000000    
 Operator number           93
   0.00000000       0.00000000      -1.00000000      0.250000000    
   0.00000000      -1.00000000       0.00000000      0.250000000    
   1.00000000       0.00000000       0.00000000       0.00000000    
 Operator number           94
   0.00000000       0.00000000      -1.00000000      0.750000000    
   0.00000000       1.00000000       0.00000000       0.00000000    
  -1.00000000       0.00000000       0.00000000      0.750000000    
 Operator number           95
   0.00000000       0.00000000       1.00000000      0.500000000    
   0.00000000      -1.00000000       0.00000000      0.750000000    
  -1.00000000       0.00000000       0.00000000      0.250000000    
 Operator number           96
   0.00000000       0.00000000       1.00000000       0.00000000    
   0.00000000       1.00000000       0.00000000      0.500000000    
   1.00000000       0.00000000       0.00000000      0.500000000    
 Operator number           97
   1.00000000       0.00000000       0.00000000      0.500000000    
   0.00000000       1.00000000       0.00000000       0.00000000    
   0.00000000       0.00000000       1.00000000      0.500000000    
 Operator number           98
  -1.00000000       0.00000000       0.00000000      0.250000000    
   0.00000000      -1.00000000       0.00000000      0.250000000    
   0.00000000       0.00000000       1.00000000       0.00000000    
 Operator number           99
  -1.00000000       0.00000000       0.00000000      0.750000000    
   0.00000000       1.00000000       0.00000000      0.500000000    
   0.00000000       0.00000000      -1.00000000      0.250000000    
 Operator number          100
   1.00000000       0.00000000       0.00000000       0.00000000    
   0.00000000      -1.00000000       0.00000000      0.750000000    
   0.00000000       0.00000000      -1.00000000      0.750000000    
 Operator number          101
   0.00000000       0.00000000       1.00000000      0.500000000    
   1.00000000       0.00000000       0.00000000       0.00000000    
   0.00000000       1.00000000       0.00000000      0.500000000    
 Operator number          102
   0.00000000       0.00000000       1.00000000       0.00000000    
  -1.00000000       0.00000000       0.00000000      0.750000000    
   0.00000000      -1.00000000       0.00000000      0.750000000    
 Operator number          103
   0.00000000       0.00000000      -1.00000000      0.250000000    
  -1.00000000       0.00000000       0.00000000      0.250000000    
   0.00000000       1.00000000       0.00000000       0.00000000    
 Operator number          104
   0.00000000       0.00000000      -1.00000000      0.750000000    
   1.00000000       0.00000000       0.00000000      0.500000000    
   0.00000000      -1.00000000       0.00000000      0.250000000    
 Operator number          105
   0.00000000       1.00000000       0.00000000      0.500000000    
   0.00000000       0.00000000       1.00000000       0.00000000    
   1.00000000       0.00000000       0.00000000      0.500000000    
 Operator number          106
   0.00000000      -1.00000000       0.00000000      0.750000000    
   0.00000000       0.00000000       1.00000000      0.500000000    
  -1.00000000       0.00000000       0.00000000      0.250000000    
 Operator number          107
   0.00000000       1.00000000       0.00000000       0.00000000    
   0.00000000       0.00000000      -1.00000000      0.750000000    
  -1.00000000       0.00000000       0.00000000      0.750000000    
 Operator number          108
   0.00000000      -1.00000000       0.00000000      0.250000000    
   0.00000000       0.00000000      -1.00000000      0.250000000    
   1.00000000       0.00000000       0.00000000       0.00000000    
 Operator number          109
   0.00000000       1.00000000       0.00000000      0.250000000    
   1.00000000       0.00000000       0.00000000      0.250000000    
   0.00000000       0.00000000      -1.00000000       0.00000000    
 Operator number          110
   0.00000000      -1.00000000       0.00000000      0.500000000    
  -1.00000000       0.00000000       0.00000000       0.00000000    
   0.00000000       0.00000000      -1.00000000      0.500000000    
 Operator number          111
   0.00000000       1.00000000       0.00000000      0.750000000    
  -1.00000000       0.00000000       0.00000000      0.500000000    
   0.00000000       0.00000000       1.00000000      0.250000000    
 Operator number          112
   0.00000000      -1.00000000       0.00000000       0.00000000    
   1.00000000       0.00000000       0.00000000      0.750000000    
   0.00000000       0.00000000       1.00000000      0.750000000    
 Operator number          113
   1.00000000       0.00000000       0.00000000      0.250000000    
   0.00000000       0.00000000       1.00000000      0.250000000    
   0.00000000      -1.00000000       0.00000000       0.00000000    
 Operator number          114
  -1.00000000       0.00000000       0.00000000       0.00000000    
   0.00000000       0.00000000       1.00000000      0.750000000    
   0.00000000       1.00000000       0.00000000      0.750000000    
 Operator number          115
  -1.00000000       0.00000000       0.00000000      0.500000000    
   0.00000000       0.00000000      -1.00000000       0.00000000    
   0.00000000      -1.00000000       0.00000000      0.500000000    
 Operator number          116
   1.00000000       0.00000000       0.00000000      0.750000000    
   0.00000000       0.00000000      -1.00000000      0.500000000    
   0.00000000       1.00000000       0.00000000      0.250000000    
 Operator number          117
   0.00000000       0.00000000       1.00000000      0.250000000    
   0.00000000       1.00000000       0.00000000      0.250000000    
  -1.00000000       0.00000000       0.00000000       0.00000000    
 Operator number          118
   0.00000000       0.00000000       1.00000000      0.750000000    
   0.00000000      -1.00000000       0.00000000      0.500000000    
   1.00000000       0.00000000       0.00000000      0.250000000    
 Operator number          119
   0.00000000       0.00000000      -1.00000000       0.00000000    
   0.00000000       1.00000000       0.00000000      0.750000000    
   1.00000000       0.00000000       0.00000000      0.750000000    
 Operator number          120
   0.00000000       0.00000000      -1.00000000      0.500000000    
   0.00000000      -1.00000000       0.00000000       0.00000000    
  -1.00000000       0.00000000       0.00000000      0.500000000    
 Operator number          121
  -1.00000000       0.00000000       0.00000000      0.500000000    
   0.00000000      -1.00000000       0.00000000       0.00000000    
   0.00000000       0.00000000      -1.00000000      0.500000000    
 Operator number          122
   1.00000000       0.00000000       0.00000000      0.750000000    
   0.00000000       1.00000000       0.00000000      0.750000000    
   0.00000000       0.00000000      -1.00000000       0.00000000    
 Operator number          123
   1.00000000       0.00000000       0.00000000      0.250000000    
   0.00000000      -1.00000000       0.00000000      0.500000000    
   0.00000000       0.00000000       1.00000000      0.750000000    
 Operator number          124
  -1.00000000       0.00000000       0.00000000       0.00000000    
   0.00000000       1.00000000       0.00000000      0.250000000    
   0.00000000       0.00000000       1.00000000      0.250000000    
 Operator number          125
   0.00000000       0.00000000      -1.00000000      0.500000000    
  -1.00000000       0.00000000       0.00000000       0.00000000    
   0.00000000      -1.00000000       0.00000000      0.500000000    
 Operator number          126
   0.00000000       0.00000000      -1.00000000       0.00000000    
   1.00000000       0.00000000       0.00000000      0.250000000    
   0.00000000       1.00000000       0.00000000      0.250000000    
 Operator number          127
   0.00000000       0.00000000       1.00000000      0.750000000    
   1.00000000       0.00000000       0.00000000      0.750000000    
   0.00000000      -1.00000000       0.00000000       0.00000000    
 Operator number          128
   0.00000000       0.00000000       1.00000000      0.250000000    
  -1.00000000       0.00000000       0.00000000      0.500000000    
   0.00000000       1.00000000       0.00000000      0.750000000    
 Operator number          129
   0.00000000      -1.00000000       0.00000000      0.500000000    
   0.00000000       0.00000000      -1.00000000       0.00000000    
  -1.00000000       0.00000000       0.00000000      0.500000000    
 Operator number          130
   0.00000000       1.00000000       0.00000000      0.250000000    
   0.00000000       0.00000000      -1.00000000      0.500000000    
   1.00000000       0.00000000       0.00000000      0.750000000    
 Operator number          131
   0.00000000      -1.00000000       0.00000000       0.00000000    
   0.00000000       0.00000000       1.00000000      0.250000000    
   1.00000000       0.00000000       0.00000000      0.250000000    
 Operator number          132
   0.00000000       1.00000000       0.00000000      0.750000000    
   0.00000000       0.00000000       1.00000000      0.750000000    
  -1.00000000       0.00000000       0.00000000       0.00000000    
 Operator number          133
   0.00000000      -1.00000000       0.00000000      0.750000000    
  -1.00000000       0.00000000       0.00000000      0.750000000    
   0.00000000       0.00000000       1.00000000       0.00000000    
 Operator number          134
   0.00000000       1.00000000       0.00000000      0.500000000    
   1.00000000       0.00000000       0.00000000       0.00000000    
   0.00000000       0.00000000       1.00000000      0.500000000    
 Operator number          135
   0.00000000      -1.00000000       0.00000000      0.250000000    
   1.00000000       0.00000000       0.00000000      0.500000000    
   0.00000000       0.00000000      -1.00000000      0.750000000    
 Operator number          136
   0.00000000       1.00000000       0.00000000       0.00000000    
  -1.00000000       0.00000000       0.00000000      0.250000000    
   0.00000000       0.00000000      -1.00000000      0.250000000    
 Operator number          137
  -1.00000000       0.00000000       0.00000000      0.750000000    
   0.00000000       0.00000000      -1.00000000      0.750000000    
   0.00000000       1.00000000       0.00000000       0.00000000    
 Operator number          138
   1.00000000       0.00000000       0.00000000       0.00000000    
   0.00000000       0.00000000      -1.00000000      0.250000000    
   0.00000000      -1.00000000       0.00000000      0.250000000    
 Operator number          139
   1.00000000       0.00000000       0.00000000      0.500000000    
   0.00000000       0.00000000       1.00000000       0.00000000    
   0.00000000       1.00000000       0.00000000      0.500000000    
 Operator number          140
  -1.00000000       0.00000000       0.00000000      0.250000000    
   0.00000000       0.00000000       1.00000000      0.500000000    
   0.00000000      -1.00000000       0.00000000      0.750000000    
 Operator number          141
   0.00000000       0.00000000      -1.00000000      0.750000000    
   0.00000000      -1.00000000       0.00000000      0.750000000    
   1.00000000       0.00000000       0.00000000       0.00000000    
 Operator number          142
   0.00000000       0.00000000      -1.00000000      0.250000000    
   0.00000000       1.00000000       0.00000000      0.500000000    
  -1.00000000       0.00000000       0.00000000      0.750000000    
 Operator number          143
   0.00000000       0.00000000       1.00000000       0.00000000    
   0.00000000      -1.00000000       0.00000000      0.250000000    
  -1.00000000       0.00000000       0.00000000      0.250000000    
 Operator number          144
   0.00000000       0.00000000       1.00000000      0.500000000    
   0.00000000       1.00000000       0.00000000       0.00000000    
   1.00000000       0.00000000       0.00000000      0.500000000    
 Operator number          145
   1.00000000       0.00000000       0.00000000      0.500000000    
   0.00000000       1.00000000       0.00000000      0.500000000    
   0.00000000       0.00000000       1.00000000       0.00000000    
 Operator number          146
  -1.00000000       0.00000000       0.00000000      0.250000000    
   0.00000000      -1.00000000       0.00000000      0.750000000    
   0.00000000       0.00000000       1.00000000      0.500000000    
 Operator number          147
  -1.00000000       0.00000000       0.00000000      0.750000000    
   0.00000000       1.00000000       0.00000000       0.00000000    
   0.00000000       0.00000000      -1.00000000      0.750000000    
 Operator number          148
   1.00000000       0.00000000       0.00000000       0.00000000    
   0.00000000      -1.00000000       0.00000000      0.250000000    
   0.00000000       0.00000000      -1.00000000      0.250000000    
 Operator number          149
   0.00000000       0.00000000       1.00000000      0.500000000    
   1.00000000       0.00000000       0.00000000      0.500000000    
   0.00000000       1.00000000       0.00000000       0.00000000    
 Operator number          150
   0.00000000       0.00000000       1.00000000       0.00000000    
  -1.00000000       0.00000000       0.00000000      0.250000000    
   0.00000000      -1.00000000       0.00000000      0.250000000    
 Operator number          151
   0.00000000       0.00000000      -1.00000000      0.250000000    
  -1.00000000       0.00000000       0.00000000      0.750000000    
   0.00000000       1.00000000       0.00000000      0.500000000    
 Operator number          152
   0.00000000       0.00000000      -1.00000000      0.750000000    
   1.00000000       0.00000000       0.00000000       0.00000000    
   0.00000000      -1.00000000       0.00000000      0.750000000    
 Operator number          153
   0.00000000       1.00000000       0.00000000      0.500000000    
   0.00000000       0.00000000       1.00000000      0.500000000    
   1.00000000       0.00000000       0.00000000       0.00000000    
 Operator number          154
   0.00000000      -1.00000000       0.00000000      0.750000000    
   0.00000000       0.00000000       1.00000000       0.00000000    
  -1.00000000       0.00000000       0.00000000      0.750000000    
 Operator number          155
   0.00000000       1.00000000       0.00000000       0.00000000    
   0.00000000       0.00000000      -1.00000000      0.250000000    
  -1.00000000       0.00000000       0.00000000      0.250000000    
 Operator number          156
   0.00000000      -1.00000000       0.00000000      0.250000000    
   0.00000000       0.00000000      -1.00000000      0.750000000    
   1.00000000       0.00000000       0.00000000      0.500000000    
 Operator number          157
   0.00000000       1.00000000       0.00000000      0.250000000    
   1.00000000       0.00000000       0.00000000      0.750000000    
   0.00000000       0.00000000      -1.00000000      0.500000000    
 Operator number          158
   0.00000000      -1.00000000       0.00000000      0.500000000    
  -1.00000000       0.00000000       0.00000000      0.500000000    
   0.00000000       0.00000000      -1.00000000       0.00000000    
 Operator number          159
   0.00000000       1.00000000       0.00000000      0.750000000    
  -1.00000000       0.00000000       0.00000000       0.00000000    
   0.00000000       0.00000000       1.00000000      0.750000000    
 Operator number          160
   0.00000000      -1.00000000       0.00000000       0.00000000    
   1.00000000       0.00000000       0.00000000      0.250000000    
   0.00000000       0.00000000       1.00000000      0.250000000    
 Operator number          161
   1.00000000       0.00000000       0.00000000      0.250000000    
   0.00000000       0.00000000       1.00000000      0.750000000    
   0.00000000      -1.00000000       0.00000000      0.500000000    
 Operator number          162
  -1.00000000       0.00000000       0.00000000       0.00000000    
   0.00000000       0.00000000       1.00000000      0.250000000    
   0.00000000       1.00000000       0.00000000      0.250000000    
 Operator number          163
  -1.00000000       0.00000000       0.00000000      0.500000000    
   0.00000000       0.00000000      -1.00000000      0.500000000    
   0.00000000      -1.00000000       0.00000000       0.00000000    
 Operator number          164
   1.00000000       0.00000000       0.00000000      0.750000000    
   0.00000000       0.00000000      -1.00000000       0.00000000    
   0.00000000       1.00000000       0.00000000      0.750000000    
 Operator number          165
   0.00000000       0.00000000       1.00000000      0.250000000    
   0.00000000       1.00000000       0.00000000      0.750000000    
  -1.00000000       0.00000000       0.00000000      0.500000000    
 Operator number          166
   0.00000000       0.00000000       1.00000000      0.750000000    
   0.00000000      -1.00000000       0.00000000       0.00000000    
   1.00000000       0.00000000       0.00000000      0.750000000    
 Operator number          167
   0.00000000       0.00000000      -1.00000000       0.00000000    
   0.00000000       1.00000000       0.00000000      0.250000000    
   1.00000000       0.00000000       0.00000000      0.250000000    
 Operator number          168
   0.00000000       0.00000000      -1.00000000      0.500000000    
   0.00000000      -1.00000000       0.00000000      0.500000000    
  -1.00000000       0.00000000       0.00000000       0.00000000    
 Operator number          169
  -1.00000000       0.00000000       0.00000000      0.500000000    
   0.00000000      -1.00000000       0.00000000      0.500000000    
   0.00000000       0.00000000      -1.00000000       0.00000000    
 Operator number          170
   1.00000000       0.00000000       0.00000000      0.750000000    
   0.00000000       1.00000000       0.00000000      0.250000000    
   0.00000000       0.00000000      -1.00000000      0.500000000    
 Operator number          171
   1.00000000       0.00000000       0.00000000      0.250000000    
   0.00000000      -1.00000000       0.00000000       0.00000000    
   0.00000000       0.00000000       1.00000000      0.250000000    
 Operator number          172
  -1.00000000       0.00000000       0.00000000       0.00000000    
   0.00000000       1.00000000       0.00000000      0.750000000    
   0.00000000       0.00000000       1.00000000      0.750000000    
 Operator number          173
   0.00000000       0.00000000      -1.00000000      0.500000000    
  -1.00000000       0.00000000       0.00000000      0.500000000    
   0.00000000      -1.00000000       0.00000000       0.00000000    
 Operator number          174
   0.00000000       0.00000000      -1.00000000       0.00000000    
   1.00000000       0.00000000       0.00000000      0.750000000    
   0.00000000       1.00000000       0.00000000      0.750000000    
 Operator number          175
   0.00000000       0.00000000       1.00000000      0.750000000    
   1.00000000       0.00000000       0.00000000      0.250000000    
   0.00000000      -1.00000000       0.00000000      0.500000000    
 Operator number          176
   0.00000000       0.00000000       1.00000000      0.250000000    
  -1.00000000       0.00000000       0.00000000       0.00000000    
   0.00000000       1.00000000       0.00000000      0.250000000    
 Operator number          177
   0.00000000      -1.00000000       0.00000000      0.500000000    
   0.00000000       0.00000000      -1.00000000      0.500000000    
  -1.00000000       0.00000000       0.00000000       0.00000000    
 Operator number          178
   0.00000000       1.00000000       0.00000000      0.250000000    
   0.00000000       0.00000000      -1.00000000       0.00000000    
   1.00000000       0.00000000       0.00000000      0.250000000    
 Operator number          179
   0.00000000      -1.00000000       0.00000000       0.00000000    
   0.00000000       0.00000000       1.00000000      0.750000000    
   1.00000000       0.00000000       0.00000000      0.750000000    
 Operator number          180
   0.00000000       1.00000000       0.00000000      0.750000000    
   0.00000000       0.00000000       1.00000000      0.250000000    
  -1.00000000       0.00000000       0.00000000      0.500000000    
 Operator number          181
   0.00000000      -1.00000000       0.00000000      0.750000000    
  -1.00000000       0.00000000       0.00000000      0.250000000    
   0.00000000       0.00000000       1.00000000      0.500000000    
 Operator number          182
   0.00000000       1.00000000       0.00000000      0.500000000    
   1.00000000       0.00000000       0.00000000      0.500000000    
   0.00000000       0.00000000       1.00000000       0.00000000    
 Operator number          183
   0.00000000      -1.00000000       0.00000000      0.250000000    
   1.00000000       0.00000000       0.00000000       0.00000000    
   0.00000000       0.00000000      -1.00000000      0.250000000    
 Operator number          184
   0.00000000       1.00000000       0.00000000       0.00000000    
  -1.00000000       0.00000000       0.00000000      0.750000000    
   0.00000000       0.00000000      -1.00000000      0.750000000    
 Operator number          185
  -1.00000000       0.00000000       0.00000000      0.750000000    
   0.00000000       0.00000000      -1.00000000      0.250000000    
   0.00000000       1.00000000       0.00000000      0.500000000    
 Operator number          186
   1.00000000       0.00000000       0.00000000       0.00000000    
   0.00000000       0.00000000      -1.00000000      0.750000000    
   0.00000000      -1.00000000       0.00000000      0.750000000    
 Operator number          187
   1.00000000       0.00000000       0.00000000      0.500000000    
   0.00000000       0.00000000       1.00000000      0.500000000    
   0.00000000       1.00000000       0.00000000       0.00000000    
 Operator number          188
  -1.00000000       0.00000000       0.00000000      0.250000000    
   0.00000000       0.00000000       1.00000000       0.00000000    
   0.00000000      -1.00000000       0.00000000      0.250000000    
 Operator number          189
   0.00000000       0.00000000      -1.00000000      0.750000000    
   0.00000000      -1.00000000       0.00000000      0.250000000    
   1.00000000       0.00000000       0.00000000      0.500000000    
 Operator number          190
   0.00000000       0.00000000      -1.00000000      0.250000000    
   0.00000000       1.00000000       0.00000000       0.00000000    
  -1.00000000       0.00000000       0.00000000      0.250000000    
 Operator number          191
   0.00000000       0.00000000       1.00000000       0.00000000    
   0.00000000      -1.00000000       0.00000000      0.750000000    
  -1.00000000       0.00000000       0.00000000      0.750000000    
 Operator number          192
   0.00000000       0.00000000       1.00000000      0.500000000    
   0.00000000       1.00000000       0.00000000      0.500000000    
   1.00000000       0.00000000       0.00000000       0.00000000    
