           4  substitutions in           24 sites
                   97  configurations
     1      2    1    2    3    4
     2     32    1    2    3    5
     3     96    1    2    3    9
     4     32    1    2    3   12
     5     24    1    2    5    6
     6     12    1    2    5    7
     7    192    1    2    5    9
     8     96    1    2    5   10
     9     96    1    2    5   11
    10    192    1    2    5   12
    11     96    1    2    5   14
    12     96    1    2    5   15
    13     96    1    2    9   10
    14    192    1    2    9   11
    15    192    1    2    9   12
    16    192    1    2    9   16
    17    192    1    2    9   17
    18     48    1    2    9   18
    19     96    1    2    9   19
    20     48    1    2    9   20
    21     48    1    2    9   21
    22     96    1    2   11   12
    23     96    1    2   11   13
    24     48    1    2   11   14
    25     48    1    2   11   16
    26     48    1    2   11   24
    27     96    1    5    9   10
    28    192    1    5    9   11
    29    192    1    5    9   12
    30     48    1    5    9   16
    31    192    1    5    9   17
    32     96    1    5    9   18
    33    192    1    5    9   21
    34     96    1    5    9   22
    35     96    1    5    9   23
    36     96    1    5   11   12
    37     96    1    5   11   13
    38    192    1    5   11   15
    39     96    1    5   11   17
    40     48    1    5   11   20
    41     96    1    5   11   23
    42     48    1    5   12   15
    43     48    1    5   12   23
    44    192    1    9   10   11
    45     96    1    9   10   13
    46     96    1    9   10   14
    47     96    1    9   10   15
    48    192    1    9   10   16
    49    192    1    9   10   17
    50     96    1    9   10   18
    51    192    1    9   10   19
    52    192    1    9   10   20
    53    192    1    9   10   21
    54    192    1    9   10   22
    55    192    1    9   10   23
    56    192    1    9   10   24
    57    192    1    9   16   17
    58     96    1    9   16   21
    59     96    1    9   16   22
    60     96    1    9   16   23
    61     96    1    9   17   20
    62     32    1    9   18   19
    63     64    1   10   11   12
    64    192    1   10   11   13
    65    192    1   10   11   14
    66    192    1   10   11   15
    67    192    1   10   11   16
    68     96    1   10   11   17
    69    192    1   10   11   20
    70    192    1   10   11   21
    71     96    1   10   11   24
    72    192    1   10   13   16
    73     32    1   10   13   17
    74     32    1   10   14   16
    75     96    1   10   15   20
    76      8    9   10   11   12
    77    192    9   10   11   13
    78     96    9   10   11   15
    79     96    9   10   11   16
    80     96    9   10   13   16
    81     96    9   10   13   17
    82    192    9   10   13   18
    83     12    9   10   13   24
    84     96    9   10   14   16
    85    192    9   10   14   17
    86     96    9   10   14   18
    87     24    9   10   14   22
    88     96    9   10   14   23
    89     48    9   10   16   17
    90     48    9   10   16   19
    91     96    9   10   16   20
    92     96    9   10   16   21
    93    192    9   10   16   23
    94     24    9   10   20   23
    95      4    9   16   21   24
    96     12    9   16   22   23
    97      8    9   17   20   22
