    8.4000      8.4000      8.4000     90.0000     90.0000     90.0000
          24          32
Fe     0.1250000    0.1250000    0.1250000
Fe     0.6250000    0.1250000    0.6250000
Fe     0.1250000    0.6250000    0.6250000
Fe     0.6250000    0.6250000    0.1250000
Fe     0.8750000    0.3750000    0.3750000
Fe     0.8750000    0.8750000    0.8750000
Fe     0.3750000    0.3750000    0.8750000
Fe     0.3750000    0.8750000    0.3750000
Fe     0.5000000    0.5000000    0.5000000
Fe     0.2500000    0.7500000    0.0000000
Fe     0.7500000    0.0000000    0.2500000
Fe     0.0000000    0.2500000    0.7500000
Fe     0.7500000    0.2500000    0.0000000
Fe     0.2500000    0.0000000    0.7500000
Fe     0.0000000    0.7500000    0.2500000
Fe     0.5000000    0.0000000    0.0000000
Fe     0.2500000    0.2500000    0.5000000
Fe     0.7500000    0.5000000    0.7500000
Fe     0.7500000    0.7500000    0.5000000
Fe     0.2500000    0.5000000    0.2500000
Fe     0.0000000    0.5000000    0.0000000
Fe     0.5000000    0.2500000    0.2500000
Fe     0.5000000    0.7500000    0.7500000
Fe     0.0000000    0.0000000    0.5000000
O      0.2540000    0.2540000    0.2540000
O      0.4960000    0.9960000    0.7540000
O      0.9960000    0.7540000    0.4960000
O      0.7540000    0.4960000    0.9960000
O      0.0039999    0.5040000    0.2460000
O      0.7460000    0.7460000    0.7460000
O      0.5040000    0.2460000    0.0039999
O      0.2460000    0.0039999    0.5040000
O      0.5040000    0.0039999    0.2460000
O      0.0039999    0.2460000    0.5040000
O      0.2460000    0.5040000    0.0039999
O      0.9960000    0.4960000    0.7540000
O      0.4960000    0.7540000    0.9960000
O      0.7540000    0.9960000    0.4960000
O      0.2540000    0.7540000    0.7540000
O      0.4960000    0.4960000    0.2540000
O      0.9960000    0.2540000    0.9960000
O      0.0039999    0.0039999    0.7460000
O      0.7460000    0.2460000    0.2460000
O      0.5040000    0.7460000    0.5040000
O      0.5040000    0.5040000    0.7460000
O      0.0039999    0.7460000    0.0039999
O      0.9960000    0.9960000    0.2540000
O      0.4960000    0.2540000    0.4960000
O      0.7540000    0.2540000    0.7540000
O      0.2540000    0.4960000    0.4960000
O      0.2460000    0.7460000    0.2460000
O      0.7460000    0.0039999    0.0039999
O      0.7460000    0.5040000    0.5040000
O      0.2540000    0.9960000    0.9960000
O      0.7540000    0.7540000    0.2540000
O      0.2460000    0.2460000    0.7460000
