 x      300.00000000000000        873.00000000000000        1273.0000000000000        1673.0000000000000     
  -680.000  0.000000E+00  0.000000E+00  0.000000E+00  0.000000E+00  0.000000E+00
  -679.900  0.000000E+00  0.000000E+00  0.000000E+00  0.000000E+00  0.000000E+00
  -679.800  0.000000E+00  0.000000E+00  0.000000E+00  0.000000E+00  0.000000E+00
  -679.700  0.000000E+00  0.000000E+00  0.000000E+00  0.000000E+00  0.000000E+00
  -679.600  0.000000E+00  0.000000E+00  0.000000E+00  0.000000E+00  0.000000E+00
  -679.500  0.000000E+00  0.000000E+00  0.000000E+00  0.000000E+00  0.000000E+00
  -679.400  0.000000E+00  0.000000E+00  0.000000E+00  0.000000E+00  0.000000E+00
  -679.300  0.000000E+00  0.000000E+00  0.000000E+00  0.000000E+00  0.000000E+00
  -679.200  0.000000E+00  0.000000E+00  0.000000E+00  0.000000E+00  0.000000E+00
  -679.100  0.000000E+00  0.000000E+00  0.000000E+00  0.000000E+00  0.000000E+00
  -679.000  0.000000E+00  0.000000E+00  0.000000E+00  0.000000E+00  0.000000E+00
  -678.900  0.000000E+00  0.000000E+00  0.000000E+00  0.000000E+00  0.000000E+00
  -678.800  0.000000E+00  0.000000E+00  0.000000E+00  0.000000E+00  0.000000E+00
  -678.700  0.000000E+00  0.000000E+00  0.000000E+00  0.000000E+00  0.000000E+00
  -678.600  0.000000E+00  0.000000E+00  0.000000E+00  0.000000E+00  0.000000E+00
  -678.500  0.000000E+00  0.000000E+00  0.000000E+00  0.000000E+00  0.000000E+00
  -678.400  0.000000E+00  0.000000E+00  0.000000E+00  0.000000E+00  0.000000E+00
  -678.300  0.000000E+00  0.000000E+00  0.000000E+00  0.000000E+00  0.000000E+00
  -678.200  0.000000E+00  0.000000E+00  0.000000E+00  0.000000E+00  0.000000E+00
  -678.100  0.000000E+00  0.000000E+00  0.000000E+00  0.000000E+00  0.000000E+00
  -678.000  0.000000E+00  0.000000E+00  0.000000E+00  0.000000E+00  0.000000E+00
  -677.900  0.000000E+00  0.000000E+00  0.000000E+00  0.000000E+00  0.000000E+00
  -677.800  0.000000E+00  0.000000E+00  0.000000E+00  0.000000E+00  0.000000E+00
  -677.700  0.000000E+00  0.000000E+00  0.000000E+00  0.000000E+00  0.000000E+00
  -677.600  0.000000E+00  0.000000E+00  0.000000E+00  0.000000E+00  0.000000E+00
  -677.500  0.000000E+00  0.000000E+00  0.000000E+00  0.000000E+00  0.000000E+00
  -677.400  0.000000E+00  0.000000E+00  0.000000E+00  0.000000E+00  0.000000E+00
  -677.300  0.000000E+00  0.000000E+00  0.000000E+00  0.000000E+00  0.000000E+00
  -677.200  0.000000E+00  0.000000E+00  0.000000E+00  0.000000E+00  0.000000E+00
  -677.100  0.000000E+00  0.000000E+00  0.000000E+00  0.000000E+00  0.000000E+00
  -677.000  0.000000E+00  0.000000E+00  0.000000E+00  0.000000E+00  0.000000E+00
  -676.900  0.000000E+00  0.000000E+00  0.000000E+00  0.000000E+00  0.000000E+00
  -676.800  0.000000E+00  0.000000E+00  0.000000E+00  0.000000E+00  0.000000E+00
  -676.700  0.000000E+00  0.000000E+00  0.000000E+00  0.000000E+00  0.000000E+00
  -676.600  0.000000E+00  0.000000E+00  0.000000E+00  0.000000E+00  0.000000E+00
  -676.500  0.000000E+00  0.000000E+00  0.000000E+00  0.000000E+00  0.000000E+00
  -676.400  0.000000E+00  0.000000E+00  0.000000E+00  0.000000E+00  0.000000E+00
  -676.300  0.000000E+00  0.000000E+00  0.000000E+00  0.000000E+00  0.000000E+00
  -676.200  0.000000E+00  0.000000E+00  0.000000E+00  0.000000E+00  0.000000E+00
  -676.100  0.000000E+00  0.000000E+00  0.000000E+00  0.000000E+00  0.000000E+00
  -676.000  0.000000E+00  0.000000E+00  0.000000E+00  0.000000E+00  0.000000E+00
  -675.900  0.000000E+00  0.000000E+00  0.000000E+00  0.000000E+00  0.000000E+00
  -675.800  0.000000E+00  0.000000E+00  0.000000E+00  0.000000E+00  0.000000E+00
  -675.700  0.000000E+00  0.000000E+00  0.000000E+00  0.000000E+00  0.000000E+00
  -675.600  0.000000E+00  0.000000E+00  0.000000E+00  0.000000E+00  0.000000E+00
  -675.500  0.000000E+00  0.000000E+00  0.000000E+00  0.000000E+00  0.000000E+00
  -675.400  0.000000E+00  0.000000E+00  0.000000E+00  0.000000E+00  0.000000E+00
  -675.300  0.000000E+00  0.000000E+00  0.000000E+00  0.000000E+00  0.000000E+00
  -675.200  0.000000E+00  0.000000E+00  0.000000E+00  0.000000E+00  0.000000E+00
  -675.100  0.000000E+00  0.000000E+00  0.000000E+00  0.000000E+00  0.000000E+00
  -675.000  0.000000E+00  0.000000E+00  0.000000E+00  0.000000E+00  0.000000E+00
  -674.900  0.000000E+00  0.000000E+00  0.000000E+00  0.000000E+00  0.000000E+00
  -674.800  0.000000E+00  0.000000E+00  0.000000E+00  0.000000E+00  0.000000E+00
  -674.700  0.000000E+00  0.000000E+00  0.000000E+00  0.000000E+00  0.000000E+00
  -674.600  0.000000E+00  0.000000E+00  0.000000E+00  0.000000E+00  0.000000E+00
  -674.500  0.000000E+00  0.000000E+00  0.000000E+00  0.000000E+00  0.000000E+00
  -674.400  0.000000E+00  0.000000E+00  0.000000E+00  0.000000E+00  0.000000E+00
  -674.300  0.000000E+00  0.000000E+00  0.000000E+00  0.000000E+00  0.000000E+00
  -674.200  0.000000E+00  0.000000E+00  0.000000E+00  0.000000E+00  0.000000E+00
  -674.100  0.000000E+00  0.000000E+00  0.000000E+00  0.000000E+00  0.000000E+00
  -674.000  0.000000E+00  0.000000E+00  0.000000E+00  0.000000E+00  0.000000E+00
  -673.900  0.000000E+00  0.000000E+00  0.000000E+00  0.000000E+00  0.000000E+00
  -673.800  0.000000E+00  0.000000E+00  0.000000E+00  0.000000E+00  0.000000E+00
  -673.700  0.000000E+00  0.000000E+00  0.000000E+00  0.000000E+00  0.000000E+00
  -673.600  0.000000E+00  0.000000E+00  0.000000E+00  0.000000E+00  0.000000E+00
  -673.500  0.000000E+00  0.000000E+00  0.000000E+00  0.000000E+00  0.000000E+00
  -673.400  0.000000E+00  0.000000E+00  0.000000E+00  0.000000E+00  0.000000E+00
  -673.300  0.000000E+00  0.000000E+00  0.000000E+00  0.000000E+00  0.000000E+00
  -673.200  0.000000E+00  0.000000E+00  0.000000E+00  0.000000E+00  0.000000E+00
  -673.100  0.000000E+00  0.000000E+00  0.000000E+00  0.000000E+00  0.000000E+00
  -673.000  0.000000E+00  0.000000E+00  0.000000E+00  0.000000E+00  0.000000E+00
  -672.900  0.000000E+00  0.000000E+00  0.000000E+00  0.000000E+00  0.000000E+00
  -672.800  0.000000E+00  0.000000E+00  0.000000E+00  0.000000E+00  0.000000E+00
  -672.700  0.000000E+00  0.000000E+00  0.000000E+00  0.000000E+00  0.000000E+00
  -672.600  0.000000E+00  0.000000E+00  0.000000E+00  0.000000E+00  0.000000E+00
  -672.500  0.000000E+00  0.000000E+00  0.000000E+00  0.000000E+00  0.000000E+00
  -672.400  0.000000E+00  0.000000E+00  0.000000E+00  0.000000E+00  0.000000E+00
  -672.300  0.000000E+00  0.000000E+00  0.000000E+00  0.000000E+00  0.000000E+00
  -672.200  0.000000E+00  0.000000E+00  0.000000E+00  0.000000E+00  0.000000E+00
  -672.100  0.000000E+00  0.000000E+00  0.000000E+00  0.000000E+00  0.000000E+00
  -672.000  0.000000E+00  0.000000E+00  0.000000E+00  0.000000E+00  0.000000E+00
  -671.900  0.000000E+00  0.000000E+00  0.000000E+00  0.000000E+00  0.000000E+00
  -671.800  0.000000E+00  0.000000E+00  0.000000E+00  0.000000E+00  0.000000E+00
  -671.700  0.000000E+00  0.000000E+00  0.000000E+00  0.000000E+00  0.000000E+00
  -671.600  0.000000E+00  0.000000E+00  0.000000E+00  0.000000E+00  0.000000E+00
  -671.500  0.000000E+00  0.000000E+00  0.000000E+00  0.000000E+00  0.000000E+00
  -671.400  0.000000E+00  0.000000E+00  0.000000E+00  0.000000E+00  0.000000E+00
  -671.300  0.000000E+00  0.000000E+00  0.000000E+00  0.000000E+00  0.000000E+00
  -671.200  0.000000E+00  0.000000E+00  0.000000E+00  0.000000E+00  0.000000E+00
  -671.100  0.000000E+00  0.000000E+00  0.000000E+00  0.000000E+00  0.000000E+00
  -671.000  0.000000E+00  0.000000E+00  0.000000E+00  0.000000E+00  0.000000E+00
  -670.900  0.000000E+00  0.000000E+00  0.000000E+00  0.000000E+00  0.000000E+00
  -670.800  0.000000E+00  0.000000E+00  0.000000E+00  0.000000E+00  0.000000E+00
  -670.700  0.000000E+00  0.000000E+00  0.000000E+00  0.000000E+00  0.000000E+00
  -670.600  0.000000E+00  0.000000E+00  0.000000E+00  0.000000E+00  0.000000E+00
  -670.500  0.000000E+00  0.000000E+00  0.000000E+00  0.000000E+00  0.000000E+00
  -670.400  0.000000E+00  0.000000E+00  0.000000E+00  0.000000E+00  0.000000E+00
  -670.300  0.000000E+00  0.000000E+00  0.000000E+00  0.000000E+00  0.000000E+00
  -670.200  0.000000E+00  0.000000E+00  0.000000E+00  0.000000E+00  0.000000E+00
  -670.100  0.000000E+00  0.000000E+00  0.000000E+00  0.000000E+00  0.000000E+00
  -670.000  0.000000E+00  0.000000E+00  0.000000E+00  0.000000E+00  0.000000E+00
  -669.900  0.000000E+00  0.000000E+00  0.000000E+00  0.000000E+00  0.000000E+00
  -669.800  0.000000E+00  0.000000E+00  0.000000E+00  0.000000E+00  0.000000E+00
  -669.700  0.000000E+00  0.000000E+00  0.000000E+00  0.000000E+00  0.000000E+00
  -669.600  0.000000E+00  0.000000E+00  0.000000E+00  0.000000E+00  0.000000E+00
  -669.500  0.000000E+00  0.000000E+00  0.000000E+00  0.000000E+00  0.000000E+00
  -669.400  0.000000E+00  0.000000E+00  0.000000E+00  0.000000E+00  0.000000E+00
  -669.300  0.000000E+00  0.000000E+00  0.000000E+00  0.000000E+00  0.000000E+00
  -669.200  0.000000E+00  0.000000E+00  0.000000E+00  0.000000E+00  0.000000E+00
  -669.100  0.000000E+00  0.000000E+00  0.000000E+00  0.000000E+00  0.000000E+00
  -669.000  0.000000E+00  0.000000E+00  0.000000E+00  0.000000E+00  0.000000E+00
  -668.900  0.000000E+00  0.000000E+00  0.000000E+00  0.000000E+00  0.000000E+00
  -668.800  0.000000E+00  0.000000E+00  0.000000E+00  0.000000E+00  0.000000E+00
  -668.700  0.000000E+00  0.000000E+00  0.000000E+00  0.000000E+00  0.000000E+00
  -668.600  0.000000E+00  0.000000E+00  0.000000E+00  0.000000E+00  0.000000E+00
  -668.500  0.000000E+00  0.000000E+00  0.000000E+00  0.000000E+00  0.000000E+00
  -668.400  0.000000E+00  0.000000E+00  0.000000E+00  0.000000E+00  0.000000E+00
  -668.300  0.000000E+00  0.000000E+00  0.000000E+00  0.000000E+00  0.000000E+00
  -668.200  0.000000E+00  0.000000E+00  0.000000E+00  0.000000E+00  0.000000E+00
  -668.100  0.000000E+00  0.000000E+00  0.000000E+00  0.000000E+00  0.000000E+00
  -668.000  0.000000E+00  0.000000E+00  0.000000E+00  0.000000E+00  0.000000E+00
  -667.900  0.000000E+00  0.000000E+00  0.000000E+00  0.000000E+00  0.000000E+00
  -667.800  0.000000E+00  0.000000E+00  0.000000E+00  0.000000E+00  0.000000E+00
  -667.700  0.000000E+00  0.000000E+00  0.000000E+00  0.000000E+00  0.000000E+00
  -667.600  0.000000E+00  0.000000E+00  0.000000E+00  0.000000E+00  0.000000E+00
  -667.500  0.000000E+00  0.000000E+00  0.000000E+00  0.000000E+00  0.000000E+00
  -667.400  0.000000E+00  0.000000E+00  0.000000E+00  0.000000E+00  0.000000E+00
  -667.300  0.000000E+00  0.000000E+00  0.000000E+00  0.000000E+00  0.000000E+00
  -667.200  0.000000E+00  0.000000E+00  0.000000E+00  0.000000E+00  0.000000E+00
  -667.100  0.000000E+00  0.000000E+00  0.000000E+00  0.000000E+00  0.000000E+00
  -667.000  0.000000E+00  0.576732E-05  0.584709E-05  0.587824E-05  0.593221E-05
  -666.900  0.589600E-05  0.734157E-05  0.744274E-05  0.748154E-05  0.754472E-05
  -666.800  0.936260E-05  0.114484E-04  0.115730E-04  0.116163E-04  0.116616E-04
  -666.700  0.161014E-04  0.195004E-04  0.196945E-04  0.197599E-04  0.198151E-04
  -666.600  0.215605E-04  0.260545E-04  0.263144E-04  0.264027E-04  0.264819E-04
  -666.500  0.325001E-04  0.390294E-04  0.393910E-04  0.395102E-04  0.395947E-04
  -666.400  0.483283E-04  0.577296E-04  0.582474E-04  0.584176E-04  0.585359E-04
  -666.300  0.684322E-04  0.812110E-04  0.818913E-04  0.821090E-04  0.822201E-04
  -666.200  0.969489E-04  0.114665E-03  0.115598E-03  0.115894E-03  0.116030E-03
  -666.100  0.136378E-03  0.160563E-03  0.161799E-03  0.162182E-03  0.162296E-03
  -666.000  0.189762E-03  0.222232E-03  0.223825E-03  0.224301E-03  0.224316E-03
  -665.900  0.264959E-03  0.308588E-03  0.310628E-03  0.311208E-03  0.311016E-03
  -665.800  0.359233E-03  0.416515E-03  0.419098E-03  0.419804E-03  0.419357E-03
  -665.700  0.486510E-03  0.561291E-03  0.564487E-03  0.565307E-03  0.564359E-03
  -665.600  0.650874E-03  0.747517E-03  0.751431E-03  0.752364E-03  0.750688E-03
  -665.500  0.864118E-03  0.987828E-03  0.992537E-03  0.993554E-03  0.990774E-03
  -665.400  0.113360E-02  0.129007E-02  0.129561E-02  0.129666E-02  0.129226E-02
  -665.300  0.147377E-02  0.167041E-02  0.167688E-02  0.167790E-02  0.167133E-02
  -665.200  0.189373E-02  0.213727E-02  0.214455E-02  0.214539E-02  0.213569E-02
  -665.100  0.240853E-02  0.270740E-02  0.271543E-02  0.271591E-02  0.270206E-02
  -665.000  0.302983E-02  0.339256E-02  0.340118E-02  0.340109E-02  0.338184E-02
  -664.900  0.377846E-02  0.421520E-02  0.422414E-02  0.422317E-02  0.419685E-02
  -664.800  0.465955E-02  0.517973E-02  0.518861E-02  0.518642E-02  0.515122E-02
  -664.700  0.568603E-02  0.629908E-02  0.630736E-02  0.630346E-02  0.625716E-02
  -664.600  0.687274E-02  0.758932E-02  0.759641E-02  0.759031E-02  0.753047E-02
  -664.500  0.822026E-02  0.904965E-02  0.905485E-02  0.904598E-02  0.897001E-02
  -664.400  0.973512E-02  0.106865E-01  0.106890E-01  0.106766E-01  0.105815E-01
  -664.300  0.114185E-01  0.125009E-01  0.124997E-01  0.124832E-01  0.123660E-01
  -664.200  0.132618E-01  0.144829E-01  0.144770E-01  0.144558E-01  0.143133E-01
  -664.100  0.152630E-01  0.166319E-01  0.166206E-01  0.165939E-01  0.164234E-01
  -664.000  0.174013E-01  0.189244E-01  0.189068E-01  0.188741E-01  0.186728E-01
  -663.900  0.196651E-01  0.213501E-01  0.213256E-01  0.212862E-01  0.210518E-01
  -663.800  0.220335E-01  0.238886E-01  0.238569E-01  0.238107E-01  0.235415E-01
  -663.700  0.244763E-01  0.265086E-01  0.264698E-01  0.264166E-01  0.261115E-01
  -663.600  0.269680E-01  0.291860E-01  0.291404E-01  0.290802E-01  0.287390E-01
  -663.500  0.294812E-01  0.318947E-01  0.318433E-01  0.317767E-01  0.314003E-01
  -663.400  0.319765E-01  0.345951E-01  0.345392E-01  0.344667E-01  0.340570E-01
  -663.300  0.344256E-01  0.372594E-01  0.372009E-01  0.371236E-01  0.366834E-01
  -663.200  0.367905E-01  0.398503E-01  0.397918E-01  0.397109E-01  0.392445E-01
  -663.100  0.390379E-01  0.423342E-01  0.422785E-01  0.421956E-01  0.417084E-01
  -663.000  0.411318E-01  0.446738E-01  0.446242E-01  0.445412E-01  0.440393E-01
  -662.900  0.430397E-01  0.468346E-01  0.467945E-01  0.467133E-01  0.462040E-01
  -662.800  0.447369E-01  0.487897E-01  0.487629E-01  0.486858E-01  0.481768E-01
  -662.700  0.461856E-01  0.504955E-01  0.504855E-01  0.504145E-01  0.499142E-01
  -662.600  0.473704E-01  0.519324E-01  0.519424E-01  0.518798E-01  0.513963E-01
  -662.500  0.482726E-01  0.530758E-01  0.531089E-01  0.530566E-01  0.525982E-01
  -662.400  0.488792E-01  0.539048E-01  0.539632E-01  0.539229E-01  0.534970E-01
  -662.300  0.491869E-01  0.544083E-01  0.544934E-01  0.544663E-01  0.540794E-01
  -662.200  0.491985E-01  0.545814E-01  0.546935E-01  0.546805E-01  0.543377E-01
  -662.100  0.489259E-01  0.544269E-01  0.545653E-01  0.545665E-01  0.542711E-01
  -662.000  0.483941E-01  0.539623E-01  0.541247E-01  0.541396E-01  0.538927E-01
  -661.900  0.476309E-01  0.532078E-01  0.533905E-01  0.534178E-01  0.532179E-01
  -661.800  0.466850E-01  0.522008E-01  0.523978E-01  0.524351E-01  0.522770E-01
  -661.700  0.455770E-01  0.509616E-01  0.511666E-01  0.512109E-01  0.510881E-01
  -661.600  0.443770E-01  0.495506E-01  0.497544E-01  0.498017E-01  0.497031E-01
  -661.500  0.431271E-01  0.480078E-01  0.482004E-01  0.482457E-01  0.481578E-01
  -661.400  0.418736E-01  0.463766E-01  0.465464E-01  0.465841E-01  0.464905E-01
  -661.300  0.406942E-01  0.447304E-01  0.448640E-01  0.448873E-01  0.447679E-01
  -661.200  0.396040E-01  0.430892E-01  0.431731E-01  0.431752E-01  0.430091E-01
  -661.100  0.386927E-01  0.415404E-01  0.415594E-01  0.415324E-01  0.412951E-01
  -661.000  0.379650E-01  0.400952E-01  0.400345E-01  0.399707E-01  0.396381E-01
  -660.900  0.374634E-01  0.388021E-01  0.386471E-01  0.385388E-01  0.380861E-01
  -660.800  0.372408E-01  0.377174E-01  0.374532E-01  0.372924E-01  0.366937E-01
  -660.700  0.373153E-01  0.368700E-01  0.364826E-01  0.362619E-01  0.354928E-01
  -660.600  0.376902E-01  0.362742E-01  0.357513E-01  0.354639E-01  0.345020E-01
  -660.500  0.384279E-01  0.359990E-01  0.353286E-01  0.349678E-01  0.337906E-01
  -660.400  0.395158E-01  0.360426E-01  0.352145E-01  0.347748E-01  0.333628E-01
  -660.300  0.409992E-01  0.364648E-01  0.354705E-01  0.349468E-01  0.332827E-01
  -660.200  0.429002E-01  0.372907E-01  0.361224E-01  0.355102E-01  0.335776E-01
  -660.100  0.452776E-01  0.385883E-01  0.372388E-01  0.365339E-01  0.343172E-01
  -660.000  0.481597E-01  0.403947E-01  0.388585E-01  0.380574E-01  0.355429E-01
  -659.900  0.516078E-01  0.427727E-01  0.410438E-01  0.401428E-01  0.373164E-01
  -659.800  0.556916E-01  0.457960E-01  0.438688E-01  0.428643E-01  0.397115E-01
  -659.700  0.604530E-01  0.495100E-01  0.473789E-01  0.462673E-01  0.427737E-01
  -659.600  0.659868E-01  0.540059E-01  0.516643E-01  0.504413E-01  0.465901E-01
  -659.500  0.723295E-01  0.593263E-01  0.567680E-01  0.554295E-01  0.512046E-01
  -659.400  0.795037E-01  0.654935E-01  0.627122E-01  0.612543E-01  0.566389E-01
  -659.300  0.875685E-01  0.725738E-01  0.695637E-01  0.679822E-01  0.629598E-01
  -659.200  0.964865E-01  0.805374E-01  0.772937E-01  0.755854E-01  0.701417E-01
  -659.100  0.106233E+00  0.893755E-01  0.858962E-01  0.840590E-01  0.781833E-01
  -659.000  0.116738E+00  0.990347E-01  0.953208E-01  0.933543E-01  0.870414E-01
  -658.900  0.127848E+00  0.109392E+00  0.105450E+00  0.103357E+00  0.966105E-01
  -658.800  0.139450E+00  0.120360E+00  0.116201E+00  0.113986E+00  0.106818E+00
  -658.700  0.151315E+00  0.131750E+00  0.127394E+00  0.125066E+00  0.117502E+00
  -658.600  0.163283E+00  0.143437E+00  0.138909E+00  0.136481E+00  0.128558E+00
  -658.500  0.175079E+00  0.155189E+00  0.150524E+00  0.148014E+00  0.139783E+00
  -658.400  0.186472E+00  0.166815E+00  0.162055E+00  0.159484E+00  0.151012E+00
  -658.300  0.197276E+00  0.178157E+00  0.173352E+00  0.170746E+00  0.162108E+00
  -658.200  0.207244E+00  0.189005E+00  0.184213E+00  0.181599E+00  0.172887E+00
  -658.100  0.216233E+00  0.199227E+00  0.194507E+00  0.191918E+00  0.183229E+00
  -658.000  0.224076E+00  0.208669E+00  0.204084E+00  0.201553E+00  0.192991E+00
  -657.900  0.230697E+00  0.217244E+00  0.212860E+00  0.210420E+00  0.202089E+00
  -657.800  0.236019E+00  0.224858E+00  0.220736E+00  0.218420E+00  0.210425E+00
  -657.700  0.240039E+00  0.231470E+00  0.227667E+00  0.225505E+00  0.217942E+00
  -657.600  0.242769E+00  0.237048E+00  0.233616E+00  0.231635E+00  0.224592E+00
  -657.500  0.244262E+00  0.241579E+00  0.238560E+00  0.236783E+00  0.230333E+00
  -657.400  0.244556E+00  0.245039E+00  0.242463E+00  0.240907E+00  0.235111E+00
  -657.300  0.243743E+00  0.247435E+00  0.245325E+00  0.244001E+00  0.238899E+00
  -657.200  0.241894E+00  0.248764E+00  0.247125E+00  0.246040E+00  0.241654E+00
  -657.100  0.239074E+00  0.249008E+00  0.247837E+00  0.246989E+00  0.243323E+00
  -657.000  0.235355E+00  0.248160E+00  0.247441E+00  0.246823E+00  0.243864E+00
  -656.900  0.230804E+00  0.246215E+00  0.245920E+00  0.245520E+00  0.243235E+00
  -656.800  0.225520E+00  0.243208E+00  0.243301E+00  0.243101E+00  0.241446E+00
  -656.700  0.219498E+00  0.239072E+00  0.239505E+00  0.239484E+00  0.238397E+00
  -656.600  0.212900E+00  0.233926E+00  0.234647E+00  0.234779E+00  0.234191E+00
  -656.500  0.205745E+00  0.227751E+00  0.228700E+00  0.228957E+00  0.228787E+00
  -656.400  0.198173E+00  0.220668E+00  0.221785E+00  0.222137E+00  0.222299E+00
  -656.300  0.190292E+00  0.212763E+00  0.213981E+00  0.214396E+00  0.214801E+00
  -656.200  0.182242E+00  0.204186E+00  0.205441E+00  0.205886E+00  0.206443E+00
  -656.100  0.174193E+00  0.195106E+00  0.196331E+00  0.196776E+00  0.197390E+00
  -656.000  0.166295E+00  0.185706E+00  0.186839E+00  0.187252E+00  0.187836E+00
  -655.900  0.158742E+00  0.176192E+00  0.177172E+00  0.177524E+00  0.177989E+00
  -655.800  0.151698E+00  0.166776E+00  0.167547E+00  0.167808E+00  0.168073E+00
  -655.700  0.145363E+00  0.157701E+00  0.158211E+00  0.158357E+00  0.158344E+00
  -655.600  0.139869E+00  0.149156E+00  0.149361E+00  0.149369E+00  0.149012E+00
  -655.500  0.135407E+00  0.141407E+00  0.141270E+00  0.141122E+00  0.140366E+00
  -655.400  0.132057E+00  0.134595E+00  0.134087E+00  0.133768E+00  0.132567E+00
  -655.300  0.129914E+00  0.128905E+00  0.128010E+00  0.127511E+00  0.125835E+00
  -655.200  0.129066E+00  0.124513E+00  0.123224E+00  0.122542E+00  0.120377E+00
  -655.100  0.129499E+00  0.121503E+00  0.119827E+00  0.118964E+00  0.116315E+00
  -655.000  0.131238E+00  0.120002E+00  0.117959E+00  0.116925E+00  0.113817E+00
  -654.900  0.134263E+00  0.120083E+00  0.117708E+00  0.116518E+00  0.112994E+00
  -654.800  0.138495E+00  0.121764E+00  0.119103E+00  0.117780E+00  0.113904E+00
  -654.700  0.143838E+00  0.125033E+00  0.122146E+00  0.120718E+00  0.116573E+00
  -654.600  0.150224E+00  0.129912E+00  0.126870E+00  0.125374E+00  0.121062E+00
  -654.500  0.157473E+00  0.136265E+00  0.133148E+00  0.131622E+00  0.127254E+00
  -654.400  0.165480E+00  0.144031E+00  0.140925E+00  0.139411E+00  0.135113E+00
  -654.300  0.174087E+00  0.153081E+00  0.150076E+00  0.148620E+00  0.144522E+00
  -654.200  0.183087E+00  0.163197E+00  0.160385E+00  0.159030E+00  0.155263E+00
  -654.100  0.192323E+00  0.174194E+00  0.171661E+00  0.170451E+00  0.167142E+00
  -654.000  0.201552E+00  0.185770E+00  0.183595E+00  0.182570E+00  0.179833E+00
  -653.900  0.210592E+00  0.197688E+00  0.195943E+00  0.195137E+00  0.193078E+00
  -653.800  0.219223E+00  0.209630E+00  0.208375E+00  0.207817E+00  0.206519E+00
  -653.700  0.227202E+00  0.221258E+00  0.220537E+00  0.220251E+00  0.219779E+00
  -653.600  0.234295E+00  0.232227E+00  0.232071E+00  0.232070E+00  0.232466E+00
  -653.500  0.240327E+00  0.242255E+00  0.242678E+00  0.242970E+00  0.244254E+00
  -653.400  0.245080E+00  0.251019E+00  0.252023E+00  0.252608E+00  0.254778E+00
  -653.300  0.248407E+00  0.258274E+00  0.259845E+00  0.260716E+00  0.263749E+00
  -653.200  0.250164E+00  0.263784E+00  0.265897E+00  0.267040E+00  0.270895E+00
  -653.100  0.250313E+00  0.267446E+00  0.270068E+00  0.271467E+00  0.276090E+00
  -653.000  0.248788E+00  0.269138E+00  0.272226E+00  0.273859E+00  0.279188E+00
  -652.900  0.245648E+00  0.268878E+00  0.272385E+00  0.274230E+00  0.280192E+00
  -652.800  0.240934E+00  0.266684E+00  0.270562E+00  0.272593E+00  0.279117E+00
  -652.700  0.234807E+00  0.262715E+00  0.266917E+00  0.269110E+00  0.276123E+00
  -652.600  0.227422E+00  0.257130E+00  0.261606E+00  0.263938E+00  0.271372E+00
  -652.500  0.218961E+00  0.250124E+00  0.254830E+00  0.257279E+00  0.265067E+00
  -652.400  0.209687E+00  0.241992E+00  0.246888E+00  0.249433E+00  0.257519E+00
  -652.300  0.199825E+00  0.232986E+00  0.238035E+00  0.240659E+00  0.248992E+00
  -652.200  0.189650E+00  0.223423E+00  0.228594E+00  0.231282E+00  0.239818E+00
  -652.100  0.179403E+00  0.213569E+00  0.218835E+00  0.221573E+00  0.230274E+00
  -652.000  0.169289E+00  0.203662E+00  0.208998E+00  0.211775E+00  0.220608E+00
  -651.900  0.159549E+00  0.193979E+00  0.199366E+00  0.202173E+00  0.211110E+00
  -651.800  0.150344E+00  0.184699E+00  0.190120E+00  0.192946E+00  0.201962E+00
  -651.700  0.141809E+00  0.175974E+00  0.181413E+00  0.184251E+00  0.193321E+00
  -651.600  0.134021E+00  0.167894E+00  0.173334E+00  0.176177E+00  0.185276E+00
  -651.500  0.127059E+00  0.160546E+00  0.165974E+00  0.168814E+00  0.177918E+00
  -651.400  0.120910E+00  0.153909E+00  0.159308E+00  0.162137E+00  0.171218E+00
  -651.300  0.115541E+00  0.147951E+00  0.153305E+00  0.156114E+00  0.165145E+00
  -651.200  0.110921E+00  0.142636E+00  0.147929E+00  0.150709E+00  0.159661E+00
  -651.100  0.106910E+00  0.137804E+00  0.143016E+00  0.145757E+00  0.154596E+00
  -651.000  0.103455E+00  0.133411E+00  0.138523E+00  0.141216E+00  0.149912E+00
  -650.900  0.100381E+00  0.129255E+00  0.134248E+00  0.136881E+00  0.145399E+00
  -650.800  0.975951E-01  0.125255E+00  0.130110E+00  0.132674E+00  0.140982E+00
  -650.700  0.949720E-01  0.121279E+00  0.125975E+00  0.128460E+00  0.136525E+00
  -650.600  0.923881E-01  0.117208E+00  0.121726E+00  0.124122E+00  0.131912E+00
  -650.500  0.897540E-01  0.112967E+00  0.117290E+00  0.119587E+00  0.127075E+00
  -650.400  0.869999E-01  0.108501E+00  0.112613E+00  0.114804E+00  0.121964E+00
  -650.300  0.840477E-01  0.103751E+00  0.107639E+00  0.109716E+00  0.116526E+00
  -650.200  0.808957E-01  0.987449E-01  0.102398E+00  0.104356E+00  0.110796E+00
  -650.100  0.775050E-01  0.934675E-01  0.968767E-01  0.987111E-01  0.104768E+00
  -650.000  0.738996E-01  0.879757E-01  0.911365E-01  0.928445E-01  0.985073E-01
  -649.900  0.700952E-01  0.823108E-01  0.852208E-01  0.868007E-01  0.920635E-01
  -649.800  0.661178E-01  0.765268E-01  0.791866E-01  0.806382E-01  0.854989E-01
  -649.700  0.620316E-01  0.707136E-01  0.731269E-01  0.744516E-01  0.789122E-01
  -649.600  0.578425E-01  0.648941E-01  0.670664E-01  0.682664E-01  0.723322E-01
  -649.500  0.536463E-01  0.591832E-01  0.611228E-01  0.622018E-01  0.658819E-01
  -649.400  0.494731E-01  0.536254E-01  0.553432E-01  0.563061E-01  0.596144E-01
  -649.300  0.453691E-01  0.482659E-01  0.497729E-01  0.506248E-01  0.535752E-01
  -649.200  0.413901E-01  0.431732E-01  0.444833E-01  0.452311E-01  0.478431E-01
  -649.100  0.375639E-01  0.383645E-01  0.394914E-01  0.401415E-01  0.424344E-01
  -649.000  0.339219E-01  0.338678E-01  0.348259E-01  0.353857E-01  0.373811E-01
  -648.900  0.305007E-01  0.297168E-01  0.305217E-01  0.309988E-01  0.327205E-01
  -648.800  0.273141E-01  0.259104E-01  0.265766E-01  0.269784E-01  0.284490E-01
  -648.700  0.243818E-01  0.224609E-01  0.230029E-01  0.233370E-01  0.245804E-01
  -648.600  0.216944E-01  0.193467E-01  0.197787E-01  0.200524E-01  0.210919E-01
  -648.500  0.192608E-01  0.165697E-01  0.169055E-01  0.171260E-01  0.179851E-01
  -648.400  0.170739E-01  0.141094E-01  0.143612E-01  0.145350E-01  0.152347E-01
  -648.300  0.151332E-01  0.119610E-01  0.121409E-01  0.122744E-01  0.128358E-01
  -648.200  0.134041E-01  0.100807E-01  0.101994E-01  0.102985E-01  0.107407E-01
  -648.100  0.118898E-01  0.846557E-02  0.853297E-02  0.860286E-02  0.894318E-02
  -648.000  0.105516E-01  0.707258E-02  0.709753E-02  0.714302E-02  0.739733E-02
  -647.900  0.937862E-02  0.588666E-02  0.587721E-02  0.590263E-02  0.608533E-02
  -647.800  0.835402E-02  0.488830E-02  0.485164E-02  0.486082E-02  0.498459E-02
  -647.700  0.745168E-02  0.404714E-02  0.398956E-02  0.398590E-02  0.406192E-02
  -647.600  0.665421E-02  0.334236E-02  0.326948E-02  0.325600E-02  0.329424E-02
  -647.500  0.594907E-02  0.275650E-02  0.267278E-02  0.265183E-02  0.266012E-02
  -647.400  0.531963E-02  0.226913E-02  0.217869E-02  0.215252E-02  0.213823E-02
  -647.300  0.475552E-02  0.186591E-02  0.177207E-02  0.174245E-02  0.171152E-02
  -647.200  0.425104E-02  0.153476E-02  0.144013E-02  0.140849E-02  0.136573E-02
  -647.100  0.380297E-02  0.126811E-02  0.117480E-02  0.114232E-02  0.109174E-02
  -647.000  0.339649E-02  0.104242E-02  0.951723E-03  0.919166E-03  0.863617E-03
  -646.900  0.304543E-02  0.864828E-03  0.777472E-03  0.745351E-03  0.686897E-03
  -646.800  0.274566E-02  0.723938E-03  0.640099E-03  0.608667E-03  0.548666E-03
  -646.700  0.250020E-02  0.612699E-03  0.531676E-03  0.500765E-03  0.439361E-03
  -646.600  0.231251E-02  0.528048E-03  0.448916E-03  0.418285E-03  0.355538E-03
  -646.500  0.219275E-02  0.468145E-03  0.388941E-03  0.357860E-03  0.292446E-03
  -646.400  0.215020E-02  0.432972E-03  0.351275E-03  0.318829E-03  0.249009E-03
  -646.300  0.219259E-02  0.417988E-03  0.330471E-03  0.295335E-03  0.218299E-03
  -646.200  0.233557E-02  0.428759E-03  0.331659E-03  0.292348E-03  0.204986E-03
  -646.100  0.259087E-02  0.461763E-03  0.350214E-03  0.304751E-03  0.202673E-03
  -646.000  0.297354E-02  0.520373E-03  0.388786E-03  0.334878E-03  0.212907E-03
  -645.900  0.349936E-02  0.606873E-03  0.448961E-03  0.384046E-03  0.236463E-03
  -645.800  0.418144E-02  0.721655E-03  0.530205E-03  0.451305E-03  0.271307E-03
  -645.700  0.503626E-02  0.868532E-03  0.635637E-03  0.539495E-03  0.319675E-03
  -645.600  0.607284E-02  0.104815E-02  0.765341E-03  0.648459E-03  0.380825E-03
  -645.500  0.729960E-02  0.126174E-02  0.920089E-03  0.778769E-03  0.454845E-03
  -645.400  0.872104E-02  0.151049E-02  0.110077E-02  0.931197E-03  0.542206E-03
  -645.300  0.103345E-01  0.179376E-02  0.130685E-02  0.110522E-02  0.642442E-03
  -645.200  0.121306E-01  0.211015E-02  0.153728E-02  0.129997E-02  0.755033E-03
  -645.100  0.140925E-01  0.245658E-02  0.178973E-02  0.151339E-02  0.878554E-03
  -645.000  0.161930E-01  0.282878E-02  0.206120E-02  0.174302E-02  0.101182E-02
  -644.900  0.183981E-01  0.322071E-02  0.234722E-02  0.198504E-02  0.115245E-02
  -644.800  0.206657E-01  0.362508E-02  0.264249E-02  0.223497E-02  0.129783E-02
  -644.700  0.229447E-01  0.403285E-02  0.294037E-02  0.248716E-02  0.144465E-02
  -644.600  0.251822E-01  0.443472E-02  0.323412E-02  0.273593E-02  0.158963E-02
  -644.500  0.273165E-01  0.481968E-02  0.351567E-02  0.297445E-02  0.172879E-02
  -644.400  0.292895E-01  0.517717E-02  0.377729E-02  0.319616E-02  0.185826E-02
  -644.300  0.310426E-01  0.549658E-02  0.401123E-02  0.339449E-02  0.197424E-02
  -644.200  0.325218E-01  0.576789E-02  0.421013E-02  0.356319E-02  0.207305E-02
  -644.100  0.336796E-01  0.598219E-02  0.436744E-02  0.369671E-02  0.215141E-02
  -644.000  0.344816E-01  0.613297E-02  0.447836E-02  0.379096E-02  0.220694E-02
  -643.900  0.349010E-01  0.621487E-02  0.453894E-02  0.384259E-02  0.223763E-02
  -643.800  0.349257E-01  0.622529E-02  0.454723E-02  0.384991E-02  0.224248E-02
  -643.700  0.345590E-01  0.616435E-02  0.450328E-02  0.381296E-02  0.222146E-02
  -643.600  0.338147E-01  0.603417E-02  0.440860E-02  0.373299E-02  0.217529E-02
  -643.500  0.327200E-01  0.583933E-02  0.426649E-02  0.361280E-02  0.210556E-02
  -643.400  0.313148E-01  0.558687E-02  0.408210E-02  0.345672E-02  0.201478E-02
  -643.300  0.296450E-01  0.528495E-02  0.386138E-02  0.326980E-02  0.190589E-02
  -643.200  0.277633E-01  0.494315E-02  0.361134E-02  0.305797E-02  0.178234E-02
  -643.100  0.257266E-01  0.457191E-02  0.333962E-02  0.282771E-02  0.164792E-02
  -643.000  0.235925E-01  0.418191E-02  0.305405E-02  0.258566E-02  0.150653E-02
  -642.900  0.214145E-01  0.378318E-02  0.276201E-02  0.233809E-02  0.136182E-02
  -642.800  0.192452E-01  0.338561E-02  0.247075E-02  0.209115E-02  0.121742E-02
  -642.700  0.171264E-01  0.299717E-02  0.218614E-02  0.184982E-02  0.107626E-02
  -642.600  0.150966E-01  0.262525E-02  0.191362E-02  0.161875E-02  0.941076E-03
  -642.500  0.131867E-01  0.227579E-02  0.165759E-02  0.140166E-02  0.814068E-03
  -642.400  0.114167E-01  0.195274E-02  0.142095E-02  0.120102E-02  0.696699E-03
  -642.300  0.980200E-02  0.165910E-02  0.120591E-02  0.101873E-02  0.590094E-03
  -642.200  0.834764E-02  0.139595E-02  0.101331E-02  0.855482E-03  0.494678E-03
  -642.100  0.705483E-02  0.116346E-02  0.843237E-03  0.711378E-03  0.410507E-03
  -642.000  0.592066E-02  0.961177E-03  0.695383E-03  0.586144E-03  0.337432E-03
  -641.900  0.493459E-02  0.787012E-03  0.568213E-03  0.478480E-03  0.274688E-03
  -641.800  0.408767E-02  0.639174E-03  0.460400E-03  0.387257E-03  0.221610E-03
  -641.700  0.336667E-02  0.515043E-03  0.370011E-03  0.310831E-03  0.177228E-03
  -641.600  0.275952E-02  0.412199E-03  0.295258E-03  0.247680E-03  0.140642E-03
  -641.500  0.224924E-02  0.327275E-03  0.233655E-03  0.195688E-03  0.110602E-03
  -641.400  0.182664E-02  0.258386E-03  0.183805E-03  0.153665E-03  0.864026E-04
  -641.300  0.147870E-02  0.202928E-03  0.143785E-03  0.119974E-03  0.670752E-04
  -641.200  0.119302E-02  0.158435E-03  0.111772E-03  0.930616E-04  0.517006E-04
  -641.100  0.961386E-03  0.123239E-03  0.865318E-04  0.718775E-04  0.396555E-04
  -641.000  0.774494E-03  0.955117E-04  0.667144E-04  0.552729E-04  0.302613E-04
  -640.900  0.624729E-03  0.737932E-04  0.512477E-04  0.423372E-04  0.229831E-04
  -640.800  0.506682E-03  0.569896E-04  0.393204E-04  0.323787E-04  0.174093E-04
  -640.700  0.414586E-03  0.440249E-04  0.301442E-04  0.247288E-04  0.131487E-04
  -640.600  0.344387E-03  0.341533E-04  0.231727E-04  0.189242E-04  0.993023E-05
  -640.500  0.293610E-03  0.269127E-04  0.180659E-04  0.146761E-04  0.758328E-05
  -640.400  0.257678E-03  0.215140E-04  0.142518E-04  0.115021E-04  0.583078E-05
  -640.300  0.233585E-03  0.174055E-04  0.113237E-04  0.905606E-05  0.000000E+00
  -640.200  0.222280E-03  0.148415E-04  0.947497E-05  0.750477E-05  0.000000E+00
  -640.100  0.219685E-03  0.131334E-04  0.820606E-05  0.642687E-05  0.000000E+00
  -640.000  0.224314E-03  0.120829E-04  0.737570E-05  0.570397E-05  0.000000E+00
  -639.900  0.236490E-03  0.118306E-04  0.709170E-05  0.000000E+00  0.000000E+00
  -639.800  0.252760E-03  0.118164E-04  0.694845E-05  0.000000E+00  0.000000E+00
  -639.700  0.273801E-03  0.122919E-04  0.713763E-05  0.000000E+00  0.000000E+00
  -639.600  0.298056E-03  0.130831E-04  0.753943E-05  0.564058E-05  0.000000E+00
  -639.500  0.324039E-03  0.140144E-04  0.802856E-05  0.598470E-05  0.000000E+00
  -639.400  0.350949E-03  0.150897E-04  0.861861E-05  0.641247E-05  0.000000E+00
  -639.300  0.377549E-03  0.162017E-04  0.923726E-05  0.686493E-05  0.000000E+00
  -639.200  0.402817E-03  0.172827E-04  0.984150E-05  0.730803E-05  0.000000E+00
  -639.100  0.425887E-03  0.183066E-04  0.104199E-04  0.773494E-05  0.000000E+00
  -639.000  0.445873E-03  0.192112E-04  0.109327E-04  0.811433E-05  0.000000E+00
  -638.900  0.461972E-03  0.199496E-04  0.113517E-04  0.842432E-05  0.000000E+00
  -638.800  0.473619E-03  0.204961E-04  0.116625E-04  0.865462E-05  0.000000E+00
  -638.700  0.480317E-03  0.208180E-04  0.118450E-04  0.878944E-05  0.000000E+00
  -638.600  0.481866E-03  0.209072E-04  0.118947E-04  0.882582E-05  0.000000E+00
  -638.500  0.478132E-03  0.207515E-04  0.118042E-04  0.875769E-05  0.000000E+00
  -638.400  0.469300E-03  0.203615E-04  0.115797E-04  0.859007E-05  0.000000E+00
  -638.300  0.455659E-03  0.197479E-04  0.112271E-04  0.832699E-05  0.000000E+00
  -638.200  0.437606E-03  0.189290E-04  0.107569E-04  0.797633E-05  0.000000E+00
  -638.100  0.415774E-03  0.179362E-04  0.101873E-04  0.755187E-05  0.000000E+00
  -638.000  0.390833E-03  0.168009E-04  0.953635E-05  0.706694E-05  0.000000E+00
  -637.900  0.363471E-03  0.155569E-04  0.882362E-05  0.653621E-05  0.000000E+00
  -637.800  0.334481E-03  0.142419E-04  0.807075E-05  0.597581E-05  0.000000E+00
  -637.700  0.304572E-03  0.128901E-04  0.729742E-05  0.000000E+00  0.000000E+00
  -637.600  0.274471E-03  0.115364E-04  0.652384E-05  0.000000E+00  0.000000E+00
  -637.500  0.244839E-03  0.102120E-04  0.576785E-05  0.000000E+00  0.000000E+00
  -637.400  0.216128E-03  0.893756E-05  0.000000E+00  0.000000E+00  0.000000E+00
  -637.300  0.188887E-03  0.773800E-05  0.000000E+00  0.000000E+00  0.000000E+00
  -637.200  0.163430E-03  0.662740E-05  0.000000E+00  0.000000E+00  0.000000E+00
  -637.100  0.140001E-03  0.000000E+00  0.000000E+00  0.000000E+00  0.000000E+00
  -637.000  0.118762E-03  0.000000E+00  0.000000E+00  0.000000E+00  0.000000E+00
  -636.900  0.997261E-04  0.000000E+00  0.000000E+00  0.000000E+00  0.000000E+00
  -636.800  0.829427E-04  0.000000E+00  0.000000E+00  0.000000E+00  0.000000E+00
  -636.700  0.683571E-04  0.000000E+00  0.000000E+00  0.000000E+00  0.000000E+00
  -636.600  0.557790E-04  0.000000E+00  0.000000E+00  0.000000E+00  0.000000E+00
  -636.500  0.450836E-04  0.000000E+00  0.000000E+00  0.000000E+00  0.000000E+00
  -636.400  0.361126E-04  0.000000E+00  0.000000E+00  0.000000E+00  0.000000E+00
  -636.300  0.286298E-04  0.000000E+00  0.000000E+00  0.000000E+00  0.000000E+00
  -636.200  0.225004E-04  0.000000E+00  0.000000E+00  0.000000E+00  0.000000E+00
  -636.100  0.175404E-04  0.000000E+00  0.000000E+00  0.000000E+00  0.000000E+00
  -636.000  0.135444E-04  0.000000E+00  0.000000E+00  0.000000E+00  0.000000E+00
  -635.900  0.103552E-04  0.000000E+00  0.000000E+00  0.000000E+00  0.000000E+00
  -635.800  0.786214E-05  0.000000E+00  0.000000E+00  0.000000E+00  0.000000E+00
  -635.700  0.591855E-05  0.000000E+00  0.000000E+00  0.000000E+00  0.000000E+00
  -635.600  0.000000E+00  0.000000E+00  0.000000E+00  0.000000E+00  0.000000E+00
  -635.500  0.000000E+00  0.000000E+00  0.000000E+00  0.000000E+00  0.000000E+00
  -635.400  0.000000E+00  0.000000E+00  0.000000E+00  0.000000E+00  0.000000E+00
  -635.300  0.000000E+00  0.000000E+00  0.000000E+00  0.000000E+00  0.000000E+00
  -635.200  0.000000E+00  0.000000E+00  0.000000E+00  0.000000E+00  0.000000E+00
  -635.100  0.000000E+00  0.000000E+00  0.000000E+00  0.000000E+00  0.000000E+00
  -635.000  0.000000E+00  0.000000E+00  0.000000E+00  0.000000E+00  0.000000E+00
  -634.900  0.000000E+00  0.000000E+00  0.000000E+00  0.000000E+00  0.000000E+00
  -634.800  0.000000E+00  0.000000E+00  0.000000E+00  0.000000E+00  0.000000E+00
  -634.700  0.000000E+00  0.000000E+00  0.000000E+00  0.000000E+00  0.000000E+00
  -634.600  0.000000E+00  0.000000E+00  0.000000E+00  0.000000E+00  0.000000E+00
  -634.500  0.000000E+00  0.000000E+00  0.000000E+00  0.000000E+00  0.000000E+00
  -634.400  0.000000E+00  0.000000E+00  0.000000E+00  0.000000E+00  0.000000E+00
  -634.300  0.000000E+00  0.000000E+00  0.000000E+00  0.000000E+00  0.000000E+00
  -634.200  0.000000E+00  0.000000E+00  0.000000E+00  0.000000E+00  0.000000E+00
  -634.100  0.000000E+00  0.000000E+00  0.000000E+00  0.000000E+00  0.000000E+00
  -634.000  0.000000E+00  0.000000E+00  0.000000E+00  0.000000E+00  0.000000E+00
  -633.900  0.000000E+00  0.000000E+00  0.000000E+00  0.000000E+00  0.000000E+00
  -633.800  0.000000E+00  0.000000E+00  0.000000E+00  0.000000E+00  0.000000E+00
  -633.700  0.000000E+00  0.000000E+00  0.000000E+00  0.000000E+00  0.000000E+00
  -633.600  0.000000E+00  0.000000E+00  0.000000E+00  0.000000E+00  0.000000E+00
  -633.500  0.000000E+00  0.000000E+00  0.000000E+00  0.000000E+00  0.000000E+00
  -633.400  0.000000E+00  0.000000E+00  0.000000E+00  0.000000E+00  0.000000E+00
  -633.300  0.000000E+00  0.000000E+00  0.000000E+00  0.000000E+00  0.000000E+00
  -633.200  0.000000E+00  0.000000E+00  0.000000E+00  0.000000E+00  0.000000E+00
  -633.100  0.000000E+00  0.000000E+00  0.000000E+00  0.000000E+00  0.000000E+00
  -633.000  0.000000E+00  0.000000E+00  0.000000E+00  0.000000E+00  0.000000E+00
  -632.900  0.000000E+00  0.000000E+00  0.000000E+00  0.000000E+00  0.000000E+00
  -632.800  0.000000E+00  0.000000E+00  0.000000E+00  0.000000E+00  0.000000E+00
  -632.700  0.000000E+00  0.000000E+00  0.000000E+00  0.000000E+00  0.000000E+00
  -632.600  0.000000E+00  0.000000E+00  0.000000E+00  0.000000E+00  0.000000E+00
  -632.500  0.000000E+00  0.000000E+00  0.000000E+00  0.000000E+00  0.000000E+00
  -632.400  0.000000E+00  0.000000E+00  0.000000E+00  0.000000E+00  0.000000E+00
  -632.300  0.000000E+00  0.000000E+00  0.000000E+00  0.000000E+00  0.000000E+00
  -632.200  0.000000E+00  0.000000E+00  0.000000E+00  0.000000E+00  0.000000E+00
  -632.100  0.000000E+00  0.000000E+00  0.000000E+00  0.000000E+00  0.000000E+00
  -632.000  0.000000E+00  0.000000E+00  0.000000E+00  0.000000E+00  0.000000E+00
  -631.900  0.000000E+00  0.000000E+00  0.000000E+00  0.000000E+00  0.000000E+00
  -631.800  0.000000E+00  0.000000E+00  0.000000E+00  0.000000E+00  0.000000E+00
  -631.700  0.000000E+00  0.000000E+00  0.000000E+00  0.000000E+00  0.000000E+00
  -631.600  0.000000E+00  0.000000E+00  0.000000E+00  0.000000E+00  0.000000E+00
  -631.500  0.000000E+00  0.000000E+00  0.000000E+00  0.000000E+00  0.000000E+00
  -631.400  0.000000E+00  0.000000E+00  0.000000E+00  0.000000E+00  0.000000E+00
  -631.300  0.000000E+00  0.000000E+00  0.000000E+00  0.000000E+00  0.000000E+00
  -631.200  0.000000E+00  0.000000E+00  0.000000E+00  0.000000E+00  0.000000E+00
  -631.100  0.000000E+00  0.000000E+00  0.000000E+00  0.000000E+00  0.000000E+00
  -631.000  0.000000E+00  0.000000E+00  0.000000E+00  0.000000E+00  0.000000E+00
  -630.900  0.000000E+00  0.000000E+00  0.000000E+00  0.000000E+00  0.000000E+00
  -630.800  0.000000E+00  0.000000E+00  0.000000E+00  0.000000E+00  0.000000E+00
  -630.700  0.000000E+00  0.000000E+00  0.000000E+00  0.000000E+00  0.000000E+00
  -630.600  0.000000E+00  0.000000E+00  0.000000E+00  0.000000E+00  0.000000E+00
  -630.500  0.000000E+00  0.000000E+00  0.000000E+00  0.000000E+00  0.000000E+00
  -630.400  0.000000E+00  0.000000E+00  0.000000E+00  0.000000E+00  0.000000E+00
  -630.300  0.000000E+00  0.000000E+00  0.000000E+00  0.000000E+00  0.000000E+00
  -630.200  0.000000E+00  0.000000E+00  0.000000E+00  0.000000E+00  0.000000E+00
  -630.100  0.000000E+00  0.000000E+00  0.000000E+00  0.000000E+00  0.000000E+00
  -630.000  0.000000E+00  0.000000E+00  0.000000E+00  0.000000E+00  0.000000E+00
  -629.900  0.000000E+00  0.000000E+00  0.000000E+00  0.000000E+00  0.000000E+00
  -629.800  0.000000E+00  0.000000E+00  0.000000E+00  0.000000E+00  0.000000E+00
  -629.700  0.000000E+00  0.000000E+00  0.000000E+00  0.000000E+00  0.000000E+00
  -629.600  0.000000E+00  0.000000E+00  0.000000E+00  0.000000E+00  0.000000E+00
  -629.500  0.000000E+00  0.000000E+00  0.000000E+00  0.000000E+00  0.000000E+00
  -629.400  0.000000E+00  0.000000E+00  0.000000E+00  0.000000E+00  0.000000E+00
  -629.300  0.000000E+00  0.000000E+00  0.000000E+00  0.000000E+00  0.000000E+00
  -629.200  0.000000E+00  0.000000E+00  0.000000E+00  0.000000E+00  0.000000E+00
  -629.100  0.000000E+00  0.000000E+00  0.000000E+00  0.000000E+00  0.000000E+00
  -629.000  0.000000E+00  0.000000E+00  0.000000E+00  0.000000E+00  0.000000E+00
  -628.900  0.000000E+00  0.000000E+00  0.000000E+00  0.000000E+00  0.000000E+00
  -628.800  0.000000E+00  0.000000E+00  0.000000E+00  0.000000E+00  0.000000E+00
  -628.700  0.000000E+00  0.000000E+00  0.000000E+00  0.000000E+00  0.000000E+00
  -628.600  0.000000E+00  0.000000E+00  0.000000E+00  0.000000E+00  0.000000E+00
  -628.500  0.000000E+00  0.000000E+00  0.000000E+00  0.000000E+00  0.000000E+00
  -628.400  0.000000E+00  0.000000E+00  0.000000E+00  0.000000E+00  0.000000E+00
  -628.300  0.000000E+00  0.000000E+00  0.000000E+00  0.000000E+00  0.000000E+00
  -628.200  0.000000E+00  0.000000E+00  0.000000E+00  0.000000E+00  0.000000E+00
  -628.100  0.000000E+00  0.000000E+00  0.000000E+00  0.000000E+00  0.000000E+00
  -628.000  0.000000E+00  0.000000E+00  0.000000E+00  0.000000E+00  0.000000E+00
  -627.900  0.000000E+00  0.000000E+00  0.000000E+00  0.000000E+00  0.000000E+00
  -627.800  0.000000E+00  0.000000E+00  0.000000E+00  0.000000E+00  0.000000E+00
  -627.700  0.000000E+00  0.000000E+00  0.000000E+00  0.000000E+00  0.000000E+00
  -627.600  0.000000E+00  0.000000E+00  0.000000E+00  0.000000E+00  0.000000E+00
  -627.500  0.000000E+00  0.000000E+00  0.000000E+00  0.000000E+00  0.000000E+00
  -627.400  0.000000E+00  0.000000E+00  0.000000E+00  0.000000E+00  0.000000E+00
  -627.300  0.000000E+00  0.000000E+00  0.000000E+00  0.000000E+00  0.000000E+00
  -627.200  0.000000E+00  0.000000E+00  0.000000E+00  0.000000E+00  0.000000E+00
  -627.100  0.000000E+00  0.000000E+00  0.000000E+00  0.000000E+00  0.000000E+00
  -627.000  0.000000E+00  0.000000E+00  0.000000E+00  0.000000E+00  0.000000E+00
  -626.900  0.000000E+00  0.000000E+00  0.000000E+00  0.000000E+00  0.000000E+00
  -626.800  0.000000E+00  0.000000E+00  0.000000E+00  0.000000E+00  0.000000E+00
  -626.700  0.000000E+00  0.000000E+00  0.000000E+00  0.000000E+00  0.000000E+00
  -626.600  0.000000E+00  0.000000E+00  0.000000E+00  0.000000E+00  0.000000E+00
  -626.500  0.000000E+00  0.000000E+00  0.000000E+00  0.000000E+00  0.000000E+00
  -626.400  0.000000E+00  0.000000E+00  0.000000E+00  0.000000E+00  0.000000E+00
  -626.300  0.000000E+00  0.000000E+00  0.000000E+00  0.000000E+00  0.000000E+00
  -626.200  0.000000E+00  0.000000E+00  0.000000E+00  0.000000E+00  0.000000E+00
  -626.100  0.000000E+00  0.000000E+00  0.000000E+00  0.000000E+00  0.000000E+00
  -626.000  0.000000E+00  0.000000E+00  0.000000E+00  0.000000E+00  0.000000E+00
  -625.900  0.000000E+00  0.000000E+00  0.000000E+00  0.000000E+00  0.000000E+00
  -625.800  0.000000E+00  0.000000E+00  0.000000E+00  0.000000E+00  0.000000E+00
  -625.700  0.000000E+00  0.000000E+00  0.000000E+00  0.000000E+00  0.000000E+00
  -625.600  0.000000E+00  0.000000E+00  0.000000E+00  0.000000E+00  0.000000E+00
  -625.500  0.000000E+00  0.000000E+00  0.000000E+00  0.000000E+00  0.000000E+00
  -625.400  0.000000E+00  0.000000E+00  0.000000E+00  0.000000E+00  0.000000E+00
  -625.300  0.000000E+00  0.000000E+00  0.000000E+00  0.000000E+00  0.000000E+00
  -625.200  0.000000E+00  0.000000E+00  0.000000E+00  0.000000E+00  0.000000E+00
  -625.100  0.000000E+00  0.000000E+00  0.000000E+00  0.000000E+00  0.000000E+00
  -625.000  0.000000E+00  0.000000E+00  0.000000E+00  0.000000E+00  0.000000E+00
  -624.900  0.000000E+00  0.000000E+00  0.000000E+00  0.000000E+00  0.000000E+00
  -624.800  0.000000E+00  0.000000E+00  0.000000E+00  0.000000E+00  0.000000E+00
  -624.700  0.000000E+00  0.000000E+00  0.000000E+00  0.000000E+00  0.000000E+00
  -624.600  0.000000E+00  0.000000E+00  0.000000E+00  0.000000E+00  0.000000E+00
  -624.500  0.000000E+00  0.000000E+00  0.000000E+00  0.000000E+00  0.000000E+00
  -624.400  0.000000E+00  0.000000E+00  0.000000E+00  0.000000E+00  0.000000E+00
  -624.300  0.000000E+00  0.000000E+00  0.000000E+00  0.000000E+00  0.000000E+00
  -624.200  0.000000E+00  0.000000E+00  0.000000E+00  0.000000E+00  0.000000E+00
  -624.100  0.000000E+00  0.000000E+00  0.000000E+00  0.000000E+00  0.000000E+00
  -624.000  0.000000E+00  0.000000E+00  0.000000E+00  0.000000E+00  0.000000E+00
  -623.900  0.000000E+00  0.000000E+00  0.000000E+00  0.000000E+00  0.000000E+00
  -623.800  0.000000E+00  0.000000E+00  0.000000E+00  0.000000E+00  0.000000E+00
  -623.700  0.000000E+00  0.000000E+00  0.000000E+00  0.000000E+00  0.000000E+00
  -623.600  0.000000E+00  0.000000E+00  0.000000E+00  0.000000E+00  0.000000E+00
  -623.500  0.000000E+00  0.000000E+00  0.000000E+00  0.000000E+00  0.000000E+00
  -623.400  0.000000E+00  0.000000E+00  0.000000E+00  0.000000E+00  0.000000E+00
  -623.300  0.000000E+00  0.000000E+00  0.000000E+00  0.000000E+00  0.000000E+00
  -623.200  0.000000E+00  0.000000E+00  0.000000E+00  0.000000E+00  0.000000E+00
  -623.100  0.000000E+00  0.000000E+00  0.000000E+00  0.000000E+00  0.000000E+00
  -623.000  0.000000E+00  0.000000E+00  0.000000E+00  0.000000E+00  0.000000E+00
  -622.900  0.000000E+00  0.000000E+00  0.000000E+00  0.000000E+00  0.000000E+00
  -622.800  0.000000E+00  0.000000E+00  0.000000E+00  0.000000E+00  0.000000E+00
  -622.700  0.000000E+00  0.000000E+00  0.000000E+00  0.000000E+00  0.000000E+00
  -622.600  0.000000E+00  0.000000E+00  0.000000E+00  0.000000E+00  0.000000E+00
  -622.500  0.000000E+00  0.000000E+00  0.000000E+00  0.000000E+00  0.000000E+00
  -622.400  0.000000E+00  0.000000E+00  0.000000E+00  0.000000E+00  0.000000E+00
  -622.300  0.000000E+00  0.000000E+00  0.000000E+00  0.000000E+00  0.000000E+00
  -622.200  0.000000E+00  0.000000E+00  0.000000E+00  0.000000E+00  0.000000E+00
  -622.100  0.000000E+00  0.000000E+00  0.000000E+00  0.000000E+00  0.000000E+00
  -622.000  0.000000E+00  0.000000E+00  0.000000E+00  0.000000E+00  0.000000E+00
  -621.900  0.000000E+00  0.000000E+00  0.000000E+00  0.000000E+00  0.000000E+00
  -621.800  0.000000E+00  0.000000E+00  0.000000E+00  0.000000E+00  0.000000E+00
  -621.700  0.000000E+00  0.000000E+00  0.000000E+00  0.000000E+00  0.000000E+00
  -621.600  0.000000E+00  0.000000E+00  0.000000E+00  0.000000E+00  0.000000E+00
  -621.500  0.000000E+00  0.000000E+00  0.000000E+00  0.000000E+00  0.000000E+00
  -621.400  0.000000E+00  0.000000E+00  0.000000E+00  0.000000E+00  0.000000E+00
  -621.300  0.000000E+00  0.000000E+00  0.000000E+00  0.000000E+00  0.000000E+00
  -621.200  0.000000E+00  0.000000E+00  0.000000E+00  0.000000E+00  0.000000E+00
  -621.100  0.000000E+00  0.000000E+00  0.000000E+00  0.000000E+00  0.000000E+00
  -621.000  0.000000E+00  0.000000E+00  0.000000E+00  0.000000E+00  0.000000E+00
  -620.900  0.000000E+00  0.000000E+00  0.000000E+00  0.000000E+00  0.000000E+00
  -620.800  0.000000E+00  0.000000E+00  0.000000E+00  0.000000E+00  0.000000E+00
  -620.700  0.000000E+00  0.000000E+00  0.000000E+00  0.000000E+00  0.000000E+00
  -620.600  0.000000E+00  0.000000E+00  0.000000E+00  0.000000E+00  0.000000E+00
  -620.500  0.000000E+00  0.000000E+00  0.000000E+00  0.000000E+00  0.000000E+00
  -620.400  0.000000E+00  0.000000E+00  0.000000E+00  0.000000E+00  0.000000E+00
  -620.300  0.000000E+00  0.000000E+00  0.000000E+00  0.000000E+00  0.000000E+00
  -620.200  0.000000E+00  0.000000E+00  0.000000E+00  0.000000E+00  0.000000E+00
  -620.100  0.000000E+00  0.000000E+00  0.000000E+00  0.000000E+00  0.000000E+00
  -620.000  0.000000E+00  0.000000E+00  0.000000E+00  0.000000E+00  0.000000E+00
