          13 substitutions in          16 sites
           8 configurations
     1     32    4    5    6    7    8    9   10   11   12   13   14   15   16
     2     48    3    4    6    7    8    9   10   11   12   13   14   15   16
     3     96    3    4    5    7    8    9   10   11   12   13   14   15   16
     4    192    3    4    5    6    7    9   10   11   12   13   14   15   16
     5     96    3    4    5    6    7    8    9   10   11   13   14   15   16
     6     16    2    3    4    5    6    7    9   10   11   12   14   15   16
     7     48    2    3    4    5    6    7    9   10   11   12   13   15   16
     8     32    2    3    4    5    6    7    8   10   11   13   14   15   16
