           4  substitutions in           32 sites
                   71  configurations
     1     24    1    2    3    4
     2     32    1    2    3    5
     3     96    1    2    3    6
     4     96    1    2    3    8
     5    384    1    2    3    9
     6    384    1    2    3   13
     7    768    1    2    3   17
     8    768    1    2    3   19
     9     24    1    2    7    8
    10    768    1    2    7    9
    11    768    1    2    7   13
    12    384    1    2    7   25
    13    384    1    2    7   26
    14     96    1    2    9   10
    15     96    1    2    9   11
    16    192    1    2    9   12
    17    384    1    2    9   13
    18    384    1    2    9   14
    19    384    1    2    9   15
    20    384    1    2    9   16
    21    384    1    2    9   17
    22    384    1    2    9   18
    23    768    1    2    9   19
    24    768    1    2    9   20
    25   1536    1    2    9   25
    26   1536    1    2    9   27
    27     96    1    2   13   14
    28     96    1    2   13   15
    29    192    1    2   13   16
    30    384    1    2   13   19
    31    384    1    2   13   20
    32   1536    1    2   13   25
    33   1536    1    2   13   27
    34     96    1    2   25   26
    35    384    1    2   25   28
    36    192    1    2   25   31
    37    192    1    2   25   32
    38      8    1    4    6    7
    39    384    1    4    6    9
    40    384    1    4    6   13
    41     48    1    4    9   12
    42    384    1    4    9   14
    43    192    1    4    9   16
    44   1536    1    4    9   17
    45   1536    1    4    9   18
    46     48    1    4   13   16
    47   1536    1    4   13   17
    48   1536    1    4   13   18
    49    192    1    4   17   20
    50    192    1    4   17   23
    51    384    1    4   17   24
    52    768    1    4   17   25
    53    768    1    4   17   26
    54    768    1    4   17   29
    55    768    1    4   17   30
    56     96    1    8    9   16
    57    768    1    8    9   17
    58    768    1    8    9   18
    59    768    1    8    9   19
    60    768    1    8    9   20
    61     64    1    9   17   25
    62    384    1    9   17   26
    63    768    1    9   17   28
    64    256    1    9   17   32
    65    192    1    9   18   26
    66    768    1    9   18   28
    67    256    1    9   18   31
    68    768    1    9   18   32
    69    192    1    9   20   28
    70    384    1    9   20   32
    71     64    1   13   20   32
