Space group 225
1
  1  0  0   0
  0  1  0   0
  0  0  1   0
2
 -1  0  0   0
  0 -1  0   0
  0  0  1   0
3
 -1  0  0   0
  0  1  0   0
  0  0 -1   0
4
  1  0  0   0
  0 -1  0   0
  0  0 -1   0
5
  0  0  1   0
  1  0  0   0
  0  1  0   0
6
  0  0  1   0
 -1  0  0   0
  0 -1  0   0
7
  0  0 -1   0
 -1  0  0   0
  0  1  0   0
8
  0  0 -1   0
  1  0  0   0
  0 -1  0   0
9
  0  1  0   0
  0  0  1   0
  1  0  0   0
10
  0 -1  0   0
  0  0  1   0
 -1  0  0   0
11
  0  1  0   0
  0  0 -1   0
 -1  0  0   0
12
  0 -1  0   0
  0  0 -1   0
  1  0  0   0
13
  0  1  0   0
  1  0  0   0
  0  0 -1   0
14
  0 -1  0   0
 -1  0  0   0
  0  0 -1   0
15
  0  1  0   0
 -1  0  0   0
  0  0  1   0
16
  0 -1  0   0
  1  0  0   0
  0  0  1   0
17
  1  0  0   0
  0  0  1   0
  0 -1  0   0
18
 -1  0  0   0
  0  0  1   0
  0  1  0   0
19
 -1  0  0   0
  0  0 -1   0
  0 -1  0   0
20
  1  0  0   0
  0  0 -1   0
  0  1  0   0
21
  0  0  1   0
  0  1  0   0
 -1  0  0   0
22
  0  0  1   0
  0 -1  0   0
  1  0  0   0
23
  0  0 -1   0
  0  1  0   0
  1  0  0   0
24
  0  0 -1   0
  0 -1  0   0
 -1  0  0   0
25
 -1  0  0   0
  0 -1  0   0
  0  0 -1   0
26
  1  0  0   0
  0  1  0   0
  0  0 -1   0
27
  1  0  0   0
  0 -1  0   0
  0  0  1   0
28
 -1  0  0   0
  0  1  0   0
  0  0  1   0
29
  0  0 -1   0
 -1  0  0   0
  0 -1  0   0
30
  0  0 -1   0
  1  0  0   0
  0  1  0   0
31
  0  0  1   0
  1  0  0   0
  0 -1  0   0
32
  0  0  1   0
 -1  0  0   0
  0  1  0   0
33
  0 -1  0   0
  0  0 -1   0
 -1  0  0   0
34
  0  1  0   0
  0  0 -1   0
  1  0  0   0
35
  0 -1  0   0
  0  0  1   0
  1  0  0   0
36
  0  1  0   0
  0  0  1   0
 -1  0  0   0
37
  0 -1  0   0
 -1  0  0   0
  0  0  1   0
38
  0  1  0   0
  1  0  0   0
  0  0  1   0
39
  0 -1  0   0
  1  0  0   0
  0  0 -1   0
40
  0  1  0   0
 -1  0  0   0
  0  0 -1   0
41
 -1  0  0   0
  0  0 -1   0
  0  1  0   0
42
  1  0  0   0
  0  0 -1   0
  0 -1  0   0
43
  1  0  0   0
  0  0  1   0
  0  1  0   0
44
 -1  0  0   0
  0  0  1   0
  0 -1  0   0
45
  0  0 -1   0
  0 -1  0   0
  1  0  0   0
46
  0  0 -1   0
  0  1  0   0
 -1  0  0   0
47
  0  0  1   0
  0 -1  0   0
 -1  0  0   0
48
  0  0  1   0
  0  1  0   0
  1  0  0   0
49
  1  0  0   0
  0  1  0  0.5
  0  0  1  0.5
50
 -1  0  0   0
  0 -1  0  0.5
  0  0  1  0.5
51
 -1  0  0   0
  0  1  0  0.5
  0  0 -1  0.5
52
  1  0  0   0
  0 -1  0  0.5
  0  0 -1  0.5
53
  0  0  1   0
  1  0  0  0.5
  0  1  0  0.5
54
  0  0  1   0
 -1  0  0  0.5
  0 -1  0  0.5
55
  0  0 -1   0
 -1  0  0  0.5
  0  1  0  0.5
56
  0  0 -1   0
  1  0  0  0.5
  0 -1  0  0.5
57
  0  1  0   0
  0  0  1  0.5
  1  0  0  0.5
58
  0 -1  0   0
  0  0  1  0.5
 -1  0  0  0.5
59
  0  1  0   0
  0  0 -1  0.5
 -1  0  0  0.5
60
  0 -1  0   0
  0  0 -1  0.5
  1  0  0  0.5
61
  0  1  0   0
  1  0  0  0.5
  0  0 -1  0.5
62
  0 -1  0   0
 -1  0  0  0.5
  0  0 -1  0.5
63
  0  1  0   0
 -1  0  0  0.5
  0  0  1  0.5
64
  0 -1  0   0
  1  0  0  0.5
  0  0  1  0.5
65
  1  0  0   0
  0  0  1  0.5
  0 -1  0  0.5
66
 -1  0  0   0
  0  0  1  0.5
  0  1  0  0.5
67
 -1  0  0   0
  0  0 -1  0.5
  0 -1  0  0.5
68
  1  0  0   0
  0  0 -1  0.5
  0  1  0  0.5
69
  0  0  1   0
  0  1  0  0.5
 -1  0  0  0.5
70
  0  0  1   0
  0 -1  0  0.5
  1  0  0  0.5
71
  0  0 -1   0
  0  1  0  0.5
  1  0  0  0.5
72
  0  0 -1   0
  0 -1  0  0.5
 -1  0  0  0.5
73
 -1  0  0   0
  0 -1  0  0.5
  0  0 -1  0.5
74
  1  0  0   0
  0  1  0  0.5
  0  0 -1  0.5
75
  1  0  0   0
  0 -1  0  0.5
  0  0  1  0.5
76
 -1  0  0   0
  0  1  0  0.5
  0  0  1  0.5
77
  0  0 -1   0
 -1  0  0  0.5
  0 -1  0  0.5
78
  0  0 -1   0
  1  0  0  0.5
  0  1  0  0.5
79
  0  0  1   0
  1  0  0  0.5
  0 -1  0  0.5
80
  0  0  1   0
 -1  0  0  0.5
  0  1  0  0.5
81
  0 -1  0   0
  0  0 -1  0.5
 -1  0  0  0.5
82
  0  1  0   0
  0  0 -1  0.5
  1  0  0  0.5
83
  0 -1  0   0
  0  0  1  0.5
  1  0  0  0.5
84
  0  1  0   0
  0  0  1  0.5
 -1  0  0  0.5
85
  0 -1  0   0
 -1  0  0  0.5
  0  0  1  0.5
86
  0  1  0   0
  1  0  0  0.5
  0  0  1  0.5
87
  0 -1  0   0
  1  0  0  0.5
  0  0 -1  0.5
88
  0  1  0   0
 -1  0  0  0.5
  0  0 -1  0.5
89
 -1  0  0   0
  0  0 -1  0.5
  0  1  0  0.5
90
  1  0  0   0
  0  0 -1  0.5
  0 -1  0  0.5
91
  1  0  0   0
  0  0  1  0.5
  0  1  0  0.5
92
 -1  0  0   0
  0  0  1  0.5
  0 -1  0  0.5
93
  0  0 -1   0
  0 -1  0  0.5
  1  0  0  0.5
94
  0  0 -1   0
  0  1  0  0.5
 -1  0  0  0.5
95
  0  0  1   0
  0 -1  0  0.5
 -1  0  0  0.5
96
  0  0  1   0
  0  1  0  0.5
  1  0  0  0.5
97
  1  0  0  0.5
  0  1  0   0
  0  0  1  0.5
98
 -1  0  0  0.5
  0 -1  0   0
  0  0  1  0.5
99
 -1  0  0  0.5
  0  1  0   0
  0  0 -1  0.5
100
  1  0  0  0.5
  0 -1  0   0
  0  0 -1  0.5
101
  0  0  1  0.5
  1  0  0   0
  0  1  0  0.5
102
  0  0  1  0.5
 -1  0  0   0
  0 -1  0  0.5
103
  0  0 -1  0.5
 -1  0  0   0
  0  1  0  0.5
104
  0  0 -1  0.5
  1  0  0   0
  0 -1  0  0.5
105
  0  1  0  0.5
  0  0  1   0
  1  0  0  0.5
106
  0 -1  0  0.5
  0  0  1   0
 -1  0  0  0.5
107
  0  1  0  0.5
  0  0 -1   0
 -1  0  0  0.5
108
  0 -1  0  0.5
  0  0 -1   0
  1  0  0  0.5
109
  0  1  0  0.5
  1  0  0   0
  0  0 -1  0.5
110
  0 -1  0  0.5
 -1  0  0   0
  0  0 -1  0.5
111
  0  1  0  0.5
 -1  0  0   0
  0  0  1  0.5
112
  0 -1  0  0.5
  1  0  0   0
  0  0  1  0.5
113
  1  0  0  0.5
  0  0  1   0
  0 -1  0  0.5
114
 -1  0  0  0.5
  0  0  1   0
  0  1  0  0.5
115
 -1  0  0  0.5
  0  0 -1   0
  0 -1  0  0.5
116
  1  0  0  0.5
  0  0 -1   0
  0  1  0  0.5
117
  0  0  1  0.5
  0  1  0   0
 -1  0  0  0.5
118
  0  0  1  0.5
  0 -1  0   0
  1  0  0  0.5
119
  0  0 -1  0.5
  0  1  0   0
  1  0  0  0.5
120
  0  0 -1  0.5
  0 -1  0   0
 -1  0  0  0.5
121
 -1  0  0  0.5
  0 -1  0   0
  0  0 -1  0.5
122
  1  0  0  0.5
  0  1  0   0
  0  0 -1  0.5
123
  1  0  0  0.5
  0 -1  0   0
  0  0  1  0.5
124
 -1  0  0  0.5
  0  1  0   0
  0  0  1  0.5
125
  0  0 -1  0.5
 -1  0  0   0
  0 -1  0  0.5
126
  0  0 -1  0.5
  1  0  0   0
  0  1  0  0.5
127
  0  0  1  0.5
  1  0  0   0
  0 -1  0  0.5
128
  0  0  1  0.5
 -1  0  0   0
  0  1  0  0.5
129
  0 -1  0  0.5
  0  0 -1   0
 -1  0  0  0.5
130
  0  1  0  0.5
  0  0 -1   0
  1  0  0  0.5
131
  0 -1  0  0.5
  0  0  1   0
  1  0  0  0.5
132
  0  1  0  0.5
  0  0  1   0
 -1  0  0  0.5
133
  0 -1  0  0.5
 -1  0  0   0
  0  0  1  0.5
134
  0  1  0  0.5
  1  0  0   0
  0  0  1  0.5
135
  0 -1  0  0.5
  1  0  0   0
  0  0 -1  0.5
136
  0  1  0  0.5
 -1  0  0   0
  0  0 -1  0.5
137
 -1  0  0  0.5
  0  0 -1   0
  0  1  0  0.5
138
  1  0  0  0.5
  0  0 -1   0
  0 -1  0  0.5
139
  1  0  0  0.5
  0  0  1   0
  0  1  0  0.5
140
 -1  0  0  0.5
  0  0  1   0
  0 -1  0  0.5
141
  0  0 -1  0.5
  0 -1  0   0
  1  0  0  0.5
142
  0  0 -1  0.5
  0  1  0   0
 -1  0  0  0.5
143
  0  0  1  0.5
  0 -1  0   0
 -1  0  0  0.5
144
  0  0  1  0.5
  0  1  0   0
  1  0  0  0.5
145
  1  0  0  0.5
  0  1  0  0.5
  0  0  1   0
146
 -1  0  0  0.5
  0 -1  0  0.5
  0  0  1   0
147
 -1  0  0  0.5
  0  1  0  0.5
  0  0 -1   0
148
  1  0  0  0.5
  0 -1  0  0.5
  0  0 -1   0
149
  0  0  1  0.5
  1  0  0  0.5
  0  1  0   0
150
  0  0  1  0.5
 -1  0  0  0.5
  0 -1  0   0
151
  0  0 -1  0.5
 -1  0  0  0.5
  0  1  0   0
152
  0  0 -1  0.5
  1  0  0  0.5
  0 -1  0   0
153
  0  1  0  0.5
  0  0  1  0.5
  1  0  0   0
154
  0 -1  0  0.5
  0  0  1  0.5
 -1  0  0   0
155
  0  1  0  0.5
  0  0 -1  0.5
 -1  0  0   0
156
  0 -1  0  0.5
  0  0 -1  0.5
  1  0  0   0
157
  0  1  0  0.5
  1  0  0  0.5
  0  0 -1   0
158
  0 -1  0  0.5
 -1  0  0  0.5
  0  0 -1   0
159
  0  1  0  0.5
 -1  0  0  0.5
  0  0  1   0
160
  0 -1  0  0.5
  1  0  0  0.5
  0  0  1   0
161
  1  0  0  0.5
  0  0  1  0.5
  0 -1  0   0
162
 -1  0  0  0.5
  0  0  1  0.5
  0  1  0   0
163
 -1  0  0  0.5
  0  0 -1  0.5
  0 -1  0   0
164
  1  0  0  0.5
  0  0 -1  0.5
  0  1  0   0
165
  0  0  1  0.5
  0  1  0  0.5
 -1  0  0   0
166
  0  0  1  0.5
  0 -1  0  0.5
  1  0  0   0
167
  0  0 -1  0.5
  0  1  0  0.5
  1  0  0   0
168
  0  0 -1  0.5
  0 -1  0  0.5
 -1  0  0   0
169
 -1  0  0  0.5
  0 -1  0  0.5
  0  0 -1   0
170
  1  0  0  0.5
  0  1  0  0.5
  0  0 -1   0
171
  1  0  0  0.5
  0 -1  0  0.5
  0  0  1   0
172
 -1  0  0  0.5
  0  1  0  0.5
  0  0  1   0
173
  0  0 -1  0.5
 -1  0  0  0.5
  0 -1  0   0
174
  0  0 -1  0.5
  1  0  0  0.5
  0  1  0   0
175
  0  0  1  0.5
  1  0  0  0.5
  0 -1  0   0
176
  0  0  1  0.5
 -1  0  0  0.5
  0  1  0   0
177
  0 -1  0  0.5
  0  0 -1  0.5
 -1  0  0   0
178
  0  1  0  0.5
  0  0 -1  0.5
  1  0  0   0
179
  0 -1  0  0.5
  0  0  1  0.5
  1  0  0   0
180
  0  1  0  0.5
  0  0  1  0.5
 -1  0  0   0
181
  0 -1  0  0.5
 -1  0  0  0.5
  0  0  1   0
182
  0  1  0  0.5
  1  0  0  0.5
  0  0  1   0
183
  0 -1  0  0.5
  1  0  0  0.5
  0  0 -1   0
184
  0  1  0  0.5
 -1  0  0  0.5
  0  0 -1   0
185
 -1  0  0  0.5
  0  0 -1  0.5
  0  1  0   0
186
  1  0  0  0.5
  0  0 -1  0.5
  0 -1  0   0
187
  1  0  0  0.5
  0  0  1  0.5
  0  1  0   0
188
 -1  0  0  0.5
  0  0  1  0.5
  0 -1  0   0
189
  0  0 -1  0.5
  0 -1  0  0.5
  1  0  0   0
190
  0  0 -1  0.5
  0  1  0  0.5
 -1  0  0   0
191
  0  0  1  0.5
  0 -1  0  0.5
 -1  0  0   0
192
  0  0  1  0.5
  0  1  0  0.5
  1  0  0   0
0
