    8.4400      8.4400      8.4400     90.0000     90.0000     90.0000
          32          32
Mg     0.0000000    0.0000000    0.0000000
Mg     0.0000000    0.0000000    0.5000000
Mg     0.0000000    0.5000000    0.0000000
Mg     0.0000000    0.5000000    0.5000000
Mg     0.5000000    0.0000000    0.0000000
Mg     0.5000000    0.0000000    0.5000000
Mg     0.5000000    0.5000000    0.0000000
Mg     0.5000000    0.5000000    0.5000000
Mg     0.0000000    0.2500000    0.2500000
Mg     0.0000000    0.2500000    0.7500000
Mg     0.0000000    0.7500000    0.2500000
Mg     0.0000000    0.7500000    0.7500000
Mg     0.5000000    0.2500000    0.2500000
Mg     0.5000000    0.2500000    0.7500000
Mg     0.5000000    0.7500000    0.2500000
Mg     0.5000000    0.7500000    0.7500000
Mg     0.2500000    0.0000000    0.2500000
Mg     0.2500000    0.0000000    0.7500000
Mg     0.2500000    0.5000000    0.2500000
Mg     0.2500000    0.5000000    0.7500000
Mg     0.7500000    0.0000000    0.2500000
Mg     0.7500000    0.0000000    0.7500000
Mg     0.7500000    0.5000000    0.2500000
Mg     0.7500000    0.5000000    0.7500000
Mg     0.2500000    0.2500000    0.0000000
Mg     0.2500000    0.2500000    0.5000000
Mg     0.2500000    0.7500000    0.0000000
Mg     0.2500000    0.7500000    0.5000000
Mg     0.7500000    0.2500000    0.0000000
Mg     0.7500000    0.2500000    0.5000000
Mg     0.7500000    0.7500000    0.0000000
Mg     0.7500000    0.7500000    0.5000000
O      0.2500000    0.2500000    0.2500000
O      0.2500000    0.2500000    0.7500000
O      0.2500000    0.7500000    0.2500000
O      0.2500000    0.7500000    0.7500000
O      0.7500000    0.2500000    0.2500000
O      0.7500000    0.2500000    0.7500000
O      0.7500000    0.7500000    0.2500000
O      0.7500000    0.7500000    0.7500000
O      0.2500000    0.0000000    0.0000000
O      0.2500000    0.0000000    0.5000000
O      0.2500000    0.5000000    0.0000000
O      0.2500000    0.5000000    0.5000000
O      0.7500000    0.0000000    0.0000000
O      0.7500000    0.0000000    0.5000000
O      0.7500000    0.5000000    0.0000000
O      0.7500000    0.5000000    0.5000000
O      0.0000000    0.2500000    0.0000000
O      0.0000000    0.2500000    0.5000000
O      0.0000000    0.7500000    0.0000000
O      0.0000000    0.7500000    0.5000000
O      0.5000000    0.2500000    0.0000000
O      0.5000000    0.2500000    0.5000000
O      0.5000000    0.7500000    0.0000000
O      0.5000000    0.7500000    0.5000000
O      0.0000000    0.0000000    0.2500000
O      0.0000000    0.0000000    0.7500000
O      0.0000000    0.5000000    0.2500000
O      0.0000000    0.5000000    0.7500000
O      0.5000000    0.0000000    0.2500000
O      0.5000000    0.0000000    0.7500000
O      0.5000000    0.5000000    0.2500000
O      0.5000000    0.5000000    0.7500000
