 x      300.00000000000000        873.00000000000000        1273.0000000000000        1673.0000000000000     
  -680.000  0.000000E+00  0.000000E+00  0.000000E+00  0.000000E+00  0.000000E+00
  -679.900  0.000000E+00  0.000000E+00  0.000000E+00  0.000000E+00  0.000000E+00
  -679.800  0.000000E+00  0.000000E+00  0.000000E+00  0.000000E+00  0.000000E+00
  -679.700  0.000000E+00  0.000000E+00  0.000000E+00  0.000000E+00  0.000000E+00
  -679.600  0.000000E+00  0.000000E+00  0.000000E+00  0.000000E+00  0.000000E+00
  -679.500  0.000000E+00  0.000000E+00  0.000000E+00  0.000000E+00  0.000000E+00
  -679.400  0.000000E+00  0.000000E+00  0.000000E+00  0.000000E+00  0.000000E+00
  -679.300  0.000000E+00  0.000000E+00  0.000000E+00  0.000000E+00  0.000000E+00
  -679.200  0.000000E+00  0.000000E+00  0.000000E+00  0.000000E+00  0.000000E+00
  -679.100  0.000000E+00  0.000000E+00  0.000000E+00  0.000000E+00  0.000000E+00
  -679.000  0.000000E+00  0.000000E+00  0.000000E+00  0.000000E+00  0.000000E+00
  -678.900  0.000000E+00  0.000000E+00  0.000000E+00  0.000000E+00  0.000000E+00
  -678.800  0.000000E+00  0.000000E+00  0.000000E+00  0.000000E+00  0.000000E+00
  -678.700  0.000000E+00  0.000000E+00  0.000000E+00  0.000000E+00  0.000000E+00
  -678.600  0.000000E+00  0.000000E+00  0.000000E+00  0.000000E+00  0.000000E+00
  -678.500  0.000000E+00  0.000000E+00  0.000000E+00  0.000000E+00  0.000000E+00
  -678.400  0.000000E+00  0.000000E+00  0.000000E+00  0.000000E+00  0.000000E+00
  -678.300  0.000000E+00  0.000000E+00  0.000000E+00  0.000000E+00  0.000000E+00
  -678.200  0.000000E+00  0.000000E+00  0.000000E+00  0.000000E+00  0.000000E+00
  -678.100  0.000000E+00  0.000000E+00  0.000000E+00  0.000000E+00  0.000000E+00
  -678.000  0.000000E+00  0.000000E+00  0.000000E+00  0.000000E+00  0.000000E+00
  -677.900  0.000000E+00  0.000000E+00  0.000000E+00  0.000000E+00  0.000000E+00
  -677.800  0.000000E+00  0.000000E+00  0.000000E+00  0.000000E+00  0.000000E+00
  -677.700  0.000000E+00  0.000000E+00  0.000000E+00  0.000000E+00  0.000000E+00
  -677.600  0.000000E+00  0.000000E+00  0.000000E+00  0.000000E+00  0.000000E+00
  -677.500  0.000000E+00  0.000000E+00  0.000000E+00  0.000000E+00  0.000000E+00
  -677.400  0.000000E+00  0.000000E+00  0.000000E+00  0.000000E+00  0.000000E+00
  -677.300  0.000000E+00  0.000000E+00  0.000000E+00  0.000000E+00  0.000000E+00
  -677.200  0.000000E+00  0.000000E+00  0.000000E+00  0.000000E+00  0.000000E+00
  -677.100  0.000000E+00  0.000000E+00  0.000000E+00  0.000000E+00  0.000000E+00
  -677.000  0.000000E+00  0.000000E+00  0.000000E+00  0.000000E+00  0.000000E+00
  -676.900  0.000000E+00  0.000000E+00  0.000000E+00  0.000000E+00  0.000000E+00
  -676.800  0.000000E+00  0.000000E+00  0.000000E+00  0.000000E+00  0.000000E+00
  -676.700  0.000000E+00  0.000000E+00  0.000000E+00  0.000000E+00  0.000000E+00
  -676.600  0.000000E+00  0.000000E+00  0.000000E+00  0.000000E+00  0.000000E+00
  -676.500  0.000000E+00  0.000000E+00  0.000000E+00  0.000000E+00  0.000000E+00
  -676.400  0.000000E+00  0.000000E+00  0.000000E+00  0.000000E+00  0.000000E+00
  -676.300  0.000000E+00  0.000000E+00  0.000000E+00  0.000000E+00  0.000000E+00
  -676.200  0.000000E+00  0.000000E+00  0.000000E+00  0.000000E+00  0.000000E+00
  -676.100  0.000000E+00  0.000000E+00  0.000000E+00  0.000000E+00  0.000000E+00
  -676.000  0.000000E+00  0.000000E+00  0.000000E+00  0.000000E+00  0.000000E+00
  -675.900  0.000000E+00  0.000000E+00  0.000000E+00  0.000000E+00  0.000000E+00
  -675.800  0.000000E+00  0.000000E+00  0.000000E+00  0.000000E+00  0.000000E+00
  -675.700  0.000000E+00  0.000000E+00  0.000000E+00  0.000000E+00  0.000000E+00
  -675.600  0.000000E+00  0.000000E+00  0.000000E+00  0.000000E+00  0.000000E+00
  -675.500  0.000000E+00  0.000000E+00  0.000000E+00  0.000000E+00  0.000000E+00
  -675.400  0.000000E+00  0.000000E+00  0.000000E+00  0.000000E+00  0.000000E+00
  -675.300  0.000000E+00  0.000000E+00  0.000000E+00  0.000000E+00  0.000000E+00
  -675.200  0.000000E+00  0.000000E+00  0.000000E+00  0.000000E+00  0.000000E+00
  -675.100  0.000000E+00  0.000000E+00  0.000000E+00  0.000000E+00  0.000000E+00
  -675.000  0.000000E+00  0.000000E+00  0.000000E+00  0.000000E+00  0.000000E+00
  -674.900  0.000000E+00  0.000000E+00  0.000000E+00  0.000000E+00  0.000000E+00
  -674.800  0.000000E+00  0.000000E+00  0.000000E+00  0.000000E+00  0.000000E+00
  -674.700  0.000000E+00  0.000000E+00  0.000000E+00  0.000000E+00  0.000000E+00
  -674.600  0.000000E+00  0.000000E+00  0.000000E+00  0.000000E+00  0.000000E+00
  -674.500  0.000000E+00  0.000000E+00  0.000000E+00  0.000000E+00  0.000000E+00
  -674.400  0.000000E+00  0.000000E+00  0.000000E+00  0.000000E+00  0.000000E+00
  -674.300  0.000000E+00  0.000000E+00  0.000000E+00  0.000000E+00  0.000000E+00
  -674.200  0.000000E+00  0.000000E+00  0.000000E+00  0.000000E+00  0.000000E+00
  -674.100  0.000000E+00  0.000000E+00  0.000000E+00  0.000000E+00  0.000000E+00
  -674.000  0.000000E+00  0.000000E+00  0.000000E+00  0.000000E+00  0.000000E+00
  -673.900  0.000000E+00  0.000000E+00  0.000000E+00  0.000000E+00  0.000000E+00
  -673.800  0.000000E+00  0.000000E+00  0.000000E+00  0.000000E+00  0.000000E+00
  -673.700  0.000000E+00  0.000000E+00  0.000000E+00  0.000000E+00  0.000000E+00
  -673.600  0.000000E+00  0.000000E+00  0.000000E+00  0.000000E+00  0.000000E+00
  -673.500  0.000000E+00  0.000000E+00  0.000000E+00  0.000000E+00  0.000000E+00
  -673.400  0.000000E+00  0.000000E+00  0.000000E+00  0.000000E+00  0.000000E+00
  -673.300  0.000000E+00  0.000000E+00  0.000000E+00  0.000000E+00  0.000000E+00
  -673.200  0.000000E+00  0.000000E+00  0.000000E+00  0.000000E+00  0.000000E+00
  -673.100  0.000000E+00  0.000000E+00  0.000000E+00  0.000000E+00  0.000000E+00
  -673.000  0.000000E+00  0.000000E+00  0.000000E+00  0.000000E+00  0.000000E+00
  -672.900  0.000000E+00  0.000000E+00  0.000000E+00  0.000000E+00  0.000000E+00
  -672.800  0.000000E+00  0.000000E+00  0.000000E+00  0.000000E+00  0.000000E+00
  -672.700  0.000000E+00  0.000000E+00  0.000000E+00  0.000000E+00  0.000000E+00
  -672.600  0.000000E+00  0.000000E+00  0.000000E+00  0.000000E+00  0.000000E+00
  -672.500  0.000000E+00  0.000000E+00  0.000000E+00  0.000000E+00  0.000000E+00
  -672.400  0.000000E+00  0.000000E+00  0.000000E+00  0.000000E+00  0.000000E+00
  -672.300  0.000000E+00  0.000000E+00  0.000000E+00  0.000000E+00  0.000000E+00
  -672.200  0.000000E+00  0.000000E+00  0.000000E+00  0.000000E+00  0.000000E+00
  -672.100  0.000000E+00  0.000000E+00  0.000000E+00  0.000000E+00  0.000000E+00
  -672.000  0.000000E+00  0.000000E+00  0.000000E+00  0.000000E+00  0.000000E+00
  -671.900  0.000000E+00  0.000000E+00  0.000000E+00  0.000000E+00  0.000000E+00
  -671.800  0.000000E+00  0.000000E+00  0.000000E+00  0.000000E+00  0.000000E+00
  -671.700  0.000000E+00  0.000000E+00  0.000000E+00  0.000000E+00  0.000000E+00
  -671.600  0.000000E+00  0.000000E+00  0.000000E+00  0.000000E+00  0.000000E+00
  -671.500  0.000000E+00  0.000000E+00  0.000000E+00  0.000000E+00  0.000000E+00
  -671.400  0.000000E+00  0.000000E+00  0.000000E+00  0.000000E+00  0.000000E+00
  -671.300  0.000000E+00  0.000000E+00  0.000000E+00  0.000000E+00  0.000000E+00
  -671.200  0.000000E+00  0.000000E+00  0.000000E+00  0.000000E+00  0.000000E+00
  -671.100  0.000000E+00  0.000000E+00  0.000000E+00  0.000000E+00  0.000000E+00
  -671.000  0.000000E+00  0.000000E+00  0.000000E+00  0.000000E+00  0.000000E+00
  -670.900  0.000000E+00  0.000000E+00  0.000000E+00  0.000000E+00  0.000000E+00
  -670.800  0.000000E+00  0.000000E+00  0.000000E+00  0.000000E+00  0.000000E+00
  -670.700  0.000000E+00  0.000000E+00  0.000000E+00  0.000000E+00  0.000000E+00
  -670.600  0.000000E+00  0.000000E+00  0.000000E+00  0.000000E+00  0.000000E+00
  -670.500  0.000000E+00  0.000000E+00  0.000000E+00  0.000000E+00  0.000000E+00
  -670.400  0.000000E+00  0.000000E+00  0.000000E+00  0.000000E+00  0.000000E+00
  -670.300  0.000000E+00  0.000000E+00  0.000000E+00  0.000000E+00  0.000000E+00
  -670.200  0.000000E+00  0.000000E+00  0.000000E+00  0.000000E+00  0.000000E+00
  -670.100  0.000000E+00  0.000000E+00  0.000000E+00  0.000000E+00  0.000000E+00
  -670.000  0.000000E+00  0.000000E+00  0.000000E+00  0.000000E+00  0.000000E+00
  -669.900  0.000000E+00  0.000000E+00  0.000000E+00  0.000000E+00  0.000000E+00
  -669.800  0.000000E+00  0.000000E+00  0.000000E+00  0.000000E+00  0.000000E+00
  -669.700  0.000000E+00  0.000000E+00  0.000000E+00  0.000000E+00  0.000000E+00
  -669.600  0.000000E+00  0.000000E+00  0.000000E+00  0.000000E+00  0.000000E+00
  -669.500  0.000000E+00  0.000000E+00  0.000000E+00  0.000000E+00  0.000000E+00
  -669.400  0.000000E+00  0.000000E+00  0.000000E+00  0.000000E+00  0.000000E+00
  -669.300  0.000000E+00  0.000000E+00  0.000000E+00  0.000000E+00  0.000000E+00
  -669.200  0.000000E+00  0.000000E+00  0.000000E+00  0.000000E+00  0.000000E+00
  -669.100  0.000000E+00  0.000000E+00  0.000000E+00  0.000000E+00  0.000000E+00
  -669.000  0.000000E+00  0.000000E+00  0.000000E+00  0.000000E+00  0.000000E+00
  -668.900  0.000000E+00  0.000000E+00  0.000000E+00  0.000000E+00  0.000000E+00
  -668.800  0.000000E+00  0.000000E+00  0.000000E+00  0.000000E+00  0.000000E+00
  -668.700  0.000000E+00  0.000000E+00  0.000000E+00  0.000000E+00  0.000000E+00
  -668.600  0.000000E+00  0.000000E+00  0.000000E+00  0.000000E+00  0.000000E+00
  -668.500  0.000000E+00  0.000000E+00  0.000000E+00  0.000000E+00  0.000000E+00
  -668.400  0.000000E+00  0.000000E+00  0.000000E+00  0.000000E+00  0.000000E+00
  -668.300  0.000000E+00  0.000000E+00  0.000000E+00  0.000000E+00  0.000000E+00
  -668.200  0.000000E+00  0.000000E+00  0.000000E+00  0.000000E+00  0.000000E+00
  -668.100  0.000000E+00  0.000000E+00  0.000000E+00  0.000000E+00  0.000000E+00
  -668.000  0.000000E+00  0.000000E+00  0.000000E+00  0.000000E+00  0.000000E+00
  -667.900  0.000000E+00  0.000000E+00  0.000000E+00  0.000000E+00  0.000000E+00
  -667.800  0.000000E+00  0.000000E+00  0.000000E+00  0.000000E+00  0.000000E+00
  -667.700  0.000000E+00  0.000000E+00  0.000000E+00  0.000000E+00  0.000000E+00
  -667.600  0.000000E+00  0.000000E+00  0.000000E+00  0.000000E+00  0.000000E+00
  -667.500  0.000000E+00  0.000000E+00  0.000000E+00  0.000000E+00  0.000000E+00
  -667.400  0.000000E+00  0.000000E+00  0.000000E+00  0.000000E+00  0.000000E+00
  -667.300  0.000000E+00  0.000000E+00  0.000000E+00  0.000000E+00  0.000000E+00
  -667.200  0.000000E+00  0.000000E+00  0.000000E+00  0.000000E+00  0.000000E+00
  -667.100  0.000000E+00  0.729142E-05  0.756488E-05  0.769140E-05  0.801808E-05
  -667.000  0.806475E-05  0.118984E-04  0.123623E-04  0.125808E-04  0.131655E-04
  -666.900  0.104292E-04  0.157112E-04  0.163475E-04  0.166461E-04  0.174385E-04
  -666.800  0.163133E-04  0.240698E-04  0.249349E-04  0.253310E-04  0.263365E-04
  -666.700  0.275119E-04  0.398085E-04  0.411479E-04  0.417571E-04  0.432855E-04
  -666.600  0.378312E-04  0.545760E-04  0.564199E-04  0.572617E-04  0.593877E-04
  -666.500  0.572809E-04  0.819988E-04  0.846525E-04  0.858539E-04  0.888423E-04
  -666.400  0.848311E-04  0.120082E-03  0.123824E-03  0.125515E-03  0.129708E-03
  -666.300  0.121480E-03  0.169710E-03  0.174715E-03  0.176959E-03  0.182451E-03
  -666.200  0.172087E-03  0.239323E-03  0.246267E-03  0.249378E-03  0.256978E-03
  -666.100  0.244229E-03  0.337346E-03  0.346824E-03  0.351051E-03  0.361283E-03
  -666.000  0.342059E-03  0.469061E-03  0.481785E-03  0.487429E-03  0.500957E-03
  -665.900  0.477914E-03  0.649063E-03  0.665845E-03  0.673236E-03  0.690704E-03
  -665.800  0.653656E-03  0.881993E-03  0.904064E-03  0.913738E-03  0.936386E-03
  -665.700  0.891440E-03  0.119436E-02  0.122312E-02  0.123565E-02  0.126461E-02
  -665.600  0.120202E-02  0.160116E-02  0.163851E-02  0.165470E-02  0.169175E-02
  -665.500  0.160884E-02  0.212962E-02  0.217761E-02  0.219830E-02  0.224513E-02
  -665.400  0.212922E-02  0.280279E-02  0.286393E-02  0.289015E-02  0.294881E-02
  -665.300  0.279210E-02  0.365778E-02  0.373545E-02  0.376862E-02  0.384219E-02
  -665.200  0.362275E-02  0.472453E-02  0.482221E-02  0.486374E-02  0.495501E-02
  -665.100  0.465210E-02  0.604237E-02  0.616442E-02  0.621613E-02  0.632889E-02
  -665.000  0.591482E-02  0.765504E-02  0.780674E-02  0.787086E-02  0.801000E-02
  -664.900  0.745051E-02  0.961175E-02  0.979905E-02  0.987806E-02  0.100488E-01
  -664.800  0.928541E-02  0.119471E-01  0.121771E-01  0.122741E-01  0.124834E-01
  -664.700  0.114570E-01  0.147086E-01  0.149894E-01  0.151077E-01  0.153636E-01
  -664.600  0.139975E-01  0.179377E-01  0.182784E-01  0.184222E-01  0.187342E-01
  -664.500  0.169301E-01  0.216657E-01  0.220769E-01  0.222509E-01  0.226305E-01
  -664.400  0.202763E-01  0.259237E-01  0.264171E-01  0.266267E-01  0.270875E-01
  -664.300  0.240520E-01  0.307349E-01  0.313241E-01  0.315753E-01  0.321332E-01
  -664.200  0.282551E-01  0.361033E-01  0.368028E-01  0.371026E-01  0.377761E-01
  -664.100  0.328892E-01  0.420440E-01  0.428710E-01  0.432276E-01  0.440392E-01
  -664.000  0.379300E-01  0.485315E-01  0.495038E-01  0.499259E-01  0.509001E-01
  -663.900  0.433560E-01  0.555511E-01  0.566885E-01  0.571857E-01  0.583503E-01
  -663.800  0.491366E-01  0.630787E-01  0.644033E-01  0.649867E-01  0.663742E-01
  -663.700  0.552169E-01  0.710593E-01  0.725944E-01  0.732756E-01  0.749211E-01
  -663.600  0.615470E-01  0.794456E-01  0.812160E-01  0.820079E-01  0.839495E-01
  -663.500  0.680714E-01  0.881839E-01  0.902163E-01  0.911324E-01  0.934122E-01
  -663.400  0.747135E-01  0.971960E-01  0.995179E-01  0.100572E+00  0.103235E+00
  -663.300  0.814113E-01  0.106415E+00  0.109055E+00  0.110263E+00  0.113353E+00
  -663.200  0.880864E-01  0.115759E+00  0.118744E+00  0.120120E+00  0.123685E+00
  -663.100  0.946676E-01  0.125145E+00  0.128504E+00  0.130063E+00  0.134150E+00
  -663.000  0.101075E+00  0.134481E+00  0.138241E+00  0.139996E+00  0.144652E+00
  -662.900  0.107241E+00  0.143676E+00  0.147861E+00  0.149827E+00  0.155094E+00
  -662.800  0.113102E+00  0.152648E+00  0.157279E+00  0.159467E+00  0.165386E+00
  -662.700  0.118587E+00  0.161287E+00  0.166382E+00  0.168802E+00  0.175405E+00
  -662.600  0.123643E+00  0.169506E+00  0.175076E+00  0.177734E+00  0.185049E+00
  -662.500  0.128226E+00  0.177222E+00  0.183273E+00  0.186174E+00  0.194217E+00
  -662.400  0.132303E+00  0.184348E+00  0.190878E+00  0.194021E+00  0.202799E+00
  -662.300  0.135850E+00  0.190811E+00  0.197810E+00  0.201192E+00  0.210699E+00
  -662.200  0.138858E+00  0.196549E+00  0.203997E+00  0.207610E+00  0.217825E+00
  -662.100  0.141342E+00  0.201521E+00  0.209389E+00  0.213218E+00  0.224107E+00
  -662.000  0.143335E+00  0.205708E+00  0.213958E+00  0.217985E+00  0.229497E+00
  -661.900  0.144882E+00  0.209109E+00  0.217693E+00  0.221895E+00  0.233962E+00
  -661.800  0.146058E+00  0.211751E+00  0.220609E+00  0.224956E+00  0.237493E+00
  -661.700  0.146934E+00  0.213676E+00  0.222742E+00  0.227202E+00  0.240110E+00
  -661.600  0.147617E+00  0.214960E+00  0.224159E+00  0.228693E+00  0.241856E+00
  -661.500  0.148213E+00  0.215693E+00  0.224943E+00  0.229508E+00  0.242797E+00
  -661.400  0.148829E+00  0.215976E+00  0.225191E+00  0.229743E+00  0.243016E+00
  -661.300  0.149594E+00  0.215937E+00  0.225026E+00  0.229516E+00  0.242623E+00
  -661.200  0.150591E+00  0.215680E+00  0.224551E+00  0.228931E+00  0.241715E+00
  -661.100  0.151953E+00  0.215355E+00  0.223916E+00  0.228137E+00  0.240438E+00
  -661.000  0.153729E+00  0.215049E+00  0.223212E+00  0.227226E+00  0.238886E+00
  -660.900  0.155986E+00  0.214869E+00  0.222549E+00  0.226311E+00  0.237179E+00
  -660.800  0.158777E+00  0.214912E+00  0.222032E+00  0.225499E+00  0.235431E+00
  -660.700  0.162101E+00  0.215227E+00  0.221719E+00  0.224852E+00  0.233718E+00
  -660.600  0.165929E+00  0.215846E+00  0.221653E+00  0.224421E+00  0.232108E+00
  -660.500  0.170245E+00  0.216803E+00  0.221878E+00  0.224254E+00  0.230669E+00
  -660.400  0.174951E+00  0.218048E+00  0.222358E+00  0.224323E+00  0.229394E+00
  -660.300  0.179982E+00  0.219580E+00  0.223105E+00  0.224645E+00  0.228326E+00
  -660.200  0.185228E+00  0.221319E+00  0.224050E+00  0.225161E+00  0.227426E+00
  -660.100  0.190606E+00  0.223228E+00  0.225168E+00  0.225851E+00  0.226699E+00
  -660.000  0.196005E+00  0.225225E+00  0.226390E+00  0.226652E+00  0.226105E+00
  -659.900  0.201329E+00  0.227234E+00  0.227648E+00  0.227502E+00  0.225599E+00
  -659.800  0.206527E+00  0.229218E+00  0.228914E+00  0.228377E+00  0.225174E+00
  -659.700  0.211527E+00  0.231116E+00  0.230130E+00  0.229223E+00  0.224791E+00
  -659.600  0.216324E+00  0.232913E+00  0.231287E+00  0.230033E+00  0.224450E+00
  -659.500  0.220906E+00  0.234604E+00  0.232381E+00  0.230805E+00  0.224158E+00
  -659.400  0.225279E+00  0.236187E+00  0.233412E+00  0.231540E+00  0.223918E+00
  -659.300  0.229523E+00  0.237736E+00  0.234453E+00  0.232309E+00  0.223802E+00
  -659.200  0.233672E+00  0.239292E+00  0.235544E+00  0.233154E+00  0.223853E+00
  -659.100  0.237812E+00  0.240949E+00  0.236778E+00  0.234167E+00  0.224157E+00
  -659.000  0.242025E+00  0.242802E+00  0.238250E+00  0.235441E+00  0.224809E+00
  -658.900  0.246356E+00  0.244938E+00  0.240050E+00  0.237068E+00  0.225899E+00
  -658.800  0.250899E+00  0.247485E+00  0.242304E+00  0.239174E+00  0.227552E+00
  -658.700  0.255673E+00  0.250521E+00  0.245095E+00  0.241844E+00  0.229859E+00
  -658.600  0.260752E+00  0.254180E+00  0.248564E+00  0.245219E+00  0.232961E+00
  -658.500  0.266117E+00  0.258520E+00  0.252775E+00  0.249367E+00  0.236937E+00
  -658.400  0.271770E+00  0.263622E+00  0.257815E+00  0.254381E+00  0.241888E+00
  -658.300  0.277715E+00  0.269560E+00  0.263769E+00  0.260346E+00  0.247908E+00
  -658.200  0.283901E+00  0.276373E+00  0.270685E+00  0.267319E+00  0.255069E+00
  -658.100  0.290295E+00  0.284080E+00  0.278590E+00  0.275327E+00  0.263408E+00
  -658.000  0.296832E+00  0.292681E+00  0.287494E+00  0.284387E+00  0.272954E+00
  -657.900  0.303459E+00  0.302160E+00  0.297387E+00  0.294492E+00  0.283711E+00
  -657.800  0.310089E+00  0.312456E+00  0.308214E+00  0.305589E+00  0.295634E+00
  -657.700  0.316655E+00  0.323498E+00  0.319905E+00  0.317609E+00  0.308659E+00
  -657.600  0.323062E+00  0.335176E+00  0.332353E+00  0.330447E+00  0.322682E+00
  -657.500  0.329219E+00  0.347350E+00  0.345413E+00  0.343955E+00  0.337553E+00
  -657.400  0.334997E+00  0.359830E+00  0.358891E+00  0.357938E+00  0.353069E+00
  -657.300  0.340297E+00  0.372423E+00  0.372580E+00  0.372184E+00  0.369006E+00
  -657.200  0.344986E+00  0.384889E+00  0.386233E+00  0.386438E+00  0.385092E+00
  -657.100  0.348932E+00  0.396977E+00  0.399581E+00  0.400427E+00  0.401034E+00
  -657.000  0.352008E+00  0.408414E+00  0.412333E+00  0.413849E+00  0.416504E+00
  -656.900  0.354090E+00  0.418924E+00  0.424192E+00  0.426397E+00  0.431166E+00
  -656.800  0.355101E+00  0.428267E+00  0.434896E+00  0.437798E+00  0.444713E+00
  -656.700  0.354911E+00  0.436149E+00  0.444127E+00  0.447722E+00  0.456782E+00
  -656.600  0.353528E+00  0.442400E+00  0.451688E+00  0.455959E+00  0.467122E+00
  -656.500  0.350897E+00  0.446808E+00  0.457341E+00  0.462259E+00  0.475446E+00
  -656.400  0.347059E+00  0.449246E+00  0.460934E+00  0.466456E+00  0.481549E+00
  -656.300  0.342094E+00  0.449653E+00  0.462381E+00  0.468450E+00  0.485292E+00
  -656.200  0.336113E+00  0.448008E+00  0.461639E+00  0.468188E+00  0.486585E+00
  -656.100  0.329291E+00  0.444371E+00  0.458743E+00  0.465694E+00  0.485414E+00
  -656.000  0.321798E+00  0.438836E+00  0.453772E+00  0.461036E+00  0.481821E+00
  -655.900  0.313882E+00  0.431584E+00  0.446890E+00  0.454369E+00  0.475930E+00
  -655.800  0.305778E+00  0.422831E+00  0.438303E+00  0.445895E+00  0.467923E+00
  -655.700  0.297752E+00  0.412843E+00  0.428271E+00  0.435868E+00  0.458038E+00
  -655.600  0.290047E+00  0.401909E+00  0.417081E+00  0.424576E+00  0.446556E+00
  -655.500  0.282928E+00  0.390368E+00  0.405076E+00  0.412362E+00  0.433818E+00
  -655.400  0.276581E+00  0.378506E+00  0.392551E+00  0.399524E+00  0.420130E+00
  -655.300  0.271199E+00  0.366654E+00  0.379852E+00  0.386414E+00  0.405862E+00
  -655.200  0.266935E+00  0.355117E+00  0.367301E+00  0.373364E+00  0.391366E+00
  -655.100  0.263853E+00  0.344134E+00  0.355161E+00  0.360648E+00  0.376947E+00
  -655.000  0.262011E+00  0.333950E+00  0.343703E+00  0.348548E+00  0.362925E+00
  -654.900  0.261407E+00  0.324753E+00  0.333142E+00  0.337294E+00  0.349572E+00
  -654.800  0.261977E+00  0.316666E+00  0.323630E+00  0.327054E+00  0.337099E+00
  -654.700  0.263613E+00  0.309765E+00  0.315276E+00  0.317951E+00  0.325677E+00
  -654.600  0.266195E+00  0.304101E+00  0.308158E+00  0.310079E+00  0.315451E+00
  -654.500  0.269524E+00  0.299611E+00  0.302240E+00  0.303416E+00  0.306443E+00
  -654.400  0.273436E+00  0.296269E+00  0.297523E+00  0.297978E+00  0.298712E+00
  -654.300  0.277724E+00  0.293962E+00  0.293916E+00  0.293684E+00  0.292220E+00
  -654.200  0.282161E+00  0.292540E+00  0.291288E+00  0.290415E+00  0.286881E+00
  -654.100  0.286556E+00  0.291851E+00  0.289503E+00  0.288043E+00  0.282598E+00
  -654.000  0.290685E+00  0.291692E+00  0.288367E+00  0.286380E+00  0.279206E+00
  -653.900  0.294352E+00  0.291868E+00  0.287694E+00  0.285246E+00  0.276544E+00
  -653.800  0.297402E+00  0.292196E+00  0.287307E+00  0.284466E+00  0.274449E+00
  -653.700  0.299632E+00  0.292431E+00  0.286958E+00  0.283794E+00  0.272682E+00
  -653.600  0.300914E+00  0.292397E+00  0.286472E+00  0.283055E+00  0.271070E+00
  -653.500  0.301129E+00  0.291894E+00  0.285644E+00  0.282040E+00  0.269402E+00
  -653.400  0.300180E+00  0.290767E+00  0.284314E+00  0.280589E+00  0.267514E+00
  -653.300  0.297995E+00  0.288865E+00  0.282323E+00  0.278540E+00  0.265233E+00
  -653.200  0.294544E+00  0.286081E+00  0.279554E+00  0.275770E+00  0.262428E+00
  -653.100  0.289838E+00  0.282350E+00  0.275935E+00  0.272204E+00  0.259009E+00
  -653.000  0.283886E+00  0.277617E+00  0.271400E+00  0.267771E+00  0.254893E+00
  -652.900  0.276795E+00  0.271918E+00  0.265976E+00  0.262493E+00  0.250086E+00
  -652.800  0.268653E+00  0.265297E+00  0.259697E+00  0.256399E+00  0.244603E+00
  -652.700  0.259628E+00  0.257863E+00  0.252662E+00  0.249583E+00  0.238519E+00
  -652.600  0.249881E+00  0.249734E+00  0.244980E+00  0.242148E+00  0.231923E+00
  -652.500  0.239613E+00  0.241084E+00  0.236816E+00  0.234255E+00  0.224960E+00
  -652.400  0.229072E+00  0.232127E+00  0.228375E+00  0.226104E+00  0.217811E+00
  -652.300  0.218475E+00  0.223059E+00  0.219843E+00  0.217877E+00  0.210643E+00
  -652.200  0.208079E+00  0.214119E+00  0.211453E+00  0.209800E+00  0.203667E+00
  -652.100  0.198131E+00  0.205529E+00  0.203419E+00  0.202085E+00  0.197077E+00
  -652.000  0.188829E+00  0.197474E+00  0.195916E+00  0.194901E+00  0.191029E+00
  -651.900  0.180410E+00  0.190170E+00  0.189156E+00  0.188458E+00  0.185716E+00
  -651.800  0.173036E+00  0.183759E+00  0.183273E+00  0.182883E+00  0.181253E+00
  -651.700  0.166851E+00  0.178360E+00  0.178378E+00  0.178286E+00  0.177737E+00
  -651.600  0.161950E+00  0.174044E+00  0.174538E+00  0.174729E+00  0.175219E+00
  -651.500  0.158399E+00  0.170850E+00  0.171785E+00  0.172242E+00  0.173719E+00
  -651.400  0.156207E+00  0.168749E+00  0.170086E+00  0.170789E+00  0.173191E+00
  -651.300  0.155332E+00  0.167677E+00  0.169372E+00  0.170299E+00  0.173557E+00
  -651.200  0.155725E+00  0.167548E+00  0.169554E+00  0.170679E+00  0.174720E+00
  -651.100  0.157264E+00  0.168224E+00  0.170489E+00  0.171789E+00  0.176534E+00
  -651.000  0.159823E+00  0.169556E+00  0.172029E+00  0.173476E+00  0.178844E+00
  -650.900  0.163221E+00  0.171352E+00  0.173978E+00  0.175546E+00  0.181454E+00
  -650.800  0.167284E+00  0.173446E+00  0.176174E+00  0.177835E+00  0.184202E+00
  -650.700  0.171817E+00  0.175645E+00  0.178421E+00  0.180148E+00  0.186891E+00
  -650.600  0.176607E+00  0.177761E+00  0.180535E+00  0.182302E+00  0.189339E+00
  -650.500  0.181461E+00  0.179643E+00  0.182366E+00  0.184148E+00  0.191398E+00
  -650.400  0.186167E+00  0.181116E+00  0.183742E+00  0.185515E+00  0.192899E+00
  -650.300  0.190533E+00  0.182046E+00  0.184535E+00  0.186276E+00  0.193718E+00
  -650.200  0.194401E+00  0.182338E+00  0.184650E+00  0.186338E+00  0.193763E+00
  -650.100  0.197589E+00  0.181876E+00  0.183979E+00  0.185593E+00  0.192927E+00
  -650.000  0.199985E+00  0.180616E+00  0.182481E+00  0.184004E+00  0.191180E+00
  -649.900  0.201472E+00  0.178506E+00  0.180108E+00  0.181524E+00  0.188473E+00
  -649.800  0.201970E+00  0.175531E+00  0.176852E+00  0.178145E+00  0.184806E+00
  -649.700  0.201439E+00  0.171703E+00  0.172726E+00  0.173885E+00  0.180198E+00
  -649.600  0.199848E+00  0.167041E+00  0.167756E+00  0.168771E+00  0.174684E+00
  -649.500  0.197235E+00  0.161613E+00  0.162013E+00  0.162874E+00  0.168340E+00
  -649.400  0.193638E+00  0.155486E+00  0.155569E+00  0.156271E+00  0.161248E+00
  -649.300  0.189138E+00  0.148750E+00  0.148515E+00  0.149053E+00  0.153508E+00
  -649.200  0.183842E+00  0.141518E+00  0.140969E+00  0.141340E+00  0.145248E+00
  -649.100  0.177869E+00  0.133901E+00  0.133044E+00  0.133248E+00  0.136590E+00
  -649.000  0.171346E+00  0.126008E+00  0.124851E+00  0.124888E+00  0.127652E+00
  -648.900  0.164429E+00  0.117979E+00  0.116533E+00  0.116406E+00  0.118590E+00
  -648.800  0.157254E+00  0.109930E+00  0.108208E+00  0.107921E+00  0.109528E+00
  -648.700  0.149953E+00  0.101966E+00  0.999809E-01  0.995394E-01  0.100581E+00
  -648.600  0.142638E+00  0.941864E-01  0.919551E-01  0.913665E-01  0.918594E-01
  -648.500  0.135413E+00  0.866809E-01  0.842220E-01  0.834952E-01  0.834642E-01
  -648.400  0.128361E+00  0.795211E-01  0.768548E-01  0.759996E-01  0.754741E-01
  -648.300  0.121546E+00  0.727640E-01  0.699121E-01  0.689397E-01  0.679540E-01
  -648.200  0.114979E+00  0.664265E-01  0.634140E-01  0.623372E-01  0.609319E-01
  -648.100  0.108703E+00  0.605510E-01  0.574036E-01  0.562359E-01  0.544535E-01
  -648.000  0.102685E+00  0.551162E-01  0.518624E-01  0.506185E-01  0.485062E-01
  -647.900  0.969193E-01  0.501238E-01  0.467933E-01  0.454887E-01  0.430961E-01
  -647.800  0.913824E-01  0.455591E-01  0.421827E-01  0.408335E-01  0.382115E-01
  -647.700  0.860371E-01  0.413889E-01  0.379980E-01  0.366204E-01  0.338206E-01
  -647.600  0.808511E-01  0.375794E-01  0.342050E-01  0.328151E-01  0.298887E-01
  -647.500  0.757971E-01  0.340996E-01  0.307717E-01  0.293849E-01  0.263807E-01
  -647.400  0.708554E-01  0.309152E-01  0.276619E-01  0.262930E-01  0.232579E-01
  -647.300  0.660066E-01  0.279930E-01  0.248409E-01  0.235035E-01  0.204812E-01
  -647.200  0.612571E-01  0.253125E-01  0.222847E-01  0.209909E-01  0.180207E-01
  -647.100  0.566099E-01  0.228468E-01  0.199628E-01  0.187230E-01  0.158385E-01
  -647.000  0.520721E-01  0.205665E-01  0.178418E-01  0.166643E-01  0.138940E-01
  -646.900  0.476865E-01  0.184715E-01  0.159166E-01  0.148076E-01  0.121734E-01
  -646.800  0.434791E-01  0.165491E-01  0.141708E-01  0.131344E-01  0.106526E-01
  -646.700  0.394884E-01  0.147863E-01  0.125854E-01  0.116229E-01  0.930165E-02
  -646.600  0.357544E-01  0.131841E-01  0.111578E-01  0.102690E-01  0.811284E-02
  -646.500  0.323323E-01  0.117445E-01  0.988399E-02  0.906587E-02  0.707042E-02
  -646.400  0.292725E-01  0.104736E-01  0.876599E-02  0.801339E-02  0.616933E-02
  -646.300  0.266212E-01  0.936826E-02  0.779524E-02  0.710060E-02  0.539163E-02
  -646.200  0.244417E-01  0.844961E-02  0.698923E-02  0.634333E-02  0.474887E-02
  -646.100  0.227855E-01  0.771692E-02  0.634142E-02  0.573226E-02  0.422403E-02
  -646.000  0.217083E-01  0.718610E-02  0.586388E-02  0.527771E-02  0.382267E-02
  -645.900  0.212702E-01  0.687022E-02  0.556523E-02  0.498631E-02  0.354634E-02
  -645.800  0.215207E-01  0.677922E-02  0.545088E-02  0.486128E-02  0.339216E-02
  -645.700  0.225222E-01  0.693219E-02  0.553563E-02  0.491550E-02  0.336802E-02
  -645.600  0.243117E-01  0.733725E-02  0.582443E-02  0.515245E-02  0.347346E-02
  -645.500  0.269313E-01  0.800619E-02  0.632547E-02  0.557861E-02  0.371036E-02
  -645.400  0.304102E-01  0.895085E-02  0.704823E-02  0.620235E-02  0.408401E-02
  -645.300  0.347622E-01  0.101759E-01  0.799563E-02  0.702573E-02  0.459409E-02
  -645.200  0.399794E-01  0.116824E-01  0.916865E-02  0.804964E-02  0.524100E-02
  -645.100  0.460340E-01  0.134636E-01  0.105613E-01  0.926825E-02  0.601909E-02
  -645.000  0.528660E-01  0.155071E-01  0.121646E-01  0.106743E-01  0.692488E-02
  -644.900  0.603936E-01  0.177911E-01  0.139613E-01  0.122522E-01  0.794736E-02
  -644.800  0.685012E-01  0.202839E-01  0.159264E-01  0.139802E-01  0.907198E-02
  -644.700  0.770426E-01  0.229431E-01  0.180267E-01  0.158287E-01  0.102793E-01
  -644.600  0.858531E-01  0.257211E-01  0.202245E-01  0.177650E-01  0.115479E-01
  -644.500  0.947329E-01  0.285574E-01  0.224725E-01  0.197472E-01  0.128505E-01
  -644.400  0.103473E+00  0.313856E-01  0.247175E-01  0.217283E-01  0.141555E-01
  -644.300  0.111857E+00  0.341374E-01  0.269056E-01  0.236609E-01  0.154321E-01
  -644.200  0.119663E+00  0.367394E-01  0.289780E-01  0.254929E-01  0.166452E-01
  -644.100  0.126679E+00  0.391190E-01  0.308768E-01  0.271728E-01  0.177606E-01
  -644.000  0.132723E+00  0.412120E-01  0.325502E-01  0.286548E-01  0.187473E-01
  -643.900  0.137627E+00  0.429570E-01  0.339488E-01  0.298949E-01  0.195757E-01
  -643.800  0.141265E+00  0.443052E-01  0.350330E-01  0.308577E-01  0.202217E-01
  -643.700  0.143559E+00  0.452212E-01  0.357736E-01  0.315170E-01  0.206672E-01
  -643.600  0.144467E+00  0.456823E-01  0.361518E-01  0.318559E-01  0.209000E-01
  -643.500  0.143991E+00  0.456810E-01  0.361609E-01  0.318680E-01  0.209156E-01
  -643.400  0.142192E+00  0.452288E-01  0.358091E-01  0.315603E-01  0.207177E-01
  -643.300  0.139153E+00  0.443464E-01  0.351124E-01  0.309468E-01  0.203153E-01
  -643.200  0.134995E+00  0.430696E-01  0.340991E-01  0.300523E-01  0.197244E-01
  -643.100  0.129869E+00  0.414447E-01  0.328059E-01  0.289092E-01  0.189666E-01
  -643.000  0.123942E+00  0.395263E-01  0.312764E-01  0.275561E-01  0.180676E-01
  -642.900  0.117382E+00  0.373718E-01  0.295568E-01  0.260340E-01  0.170548E-01
  -642.800  0.110366E+00  0.350425E-01  0.276961E-01  0.243865E-01  0.159575E-01
  -642.700  0.103051E+00  0.325948E-01  0.257401E-01  0.226542E-01  0.148033E-01
  -642.600  0.955923E-01  0.300864E-01  0.237353E-01  0.208787E-01  0.136204E-01
  -642.500  0.881261E-01  0.275678E-01  0.217227E-01  0.190966E-01  0.124336E-01
  -642.400  0.807641E-01  0.250821E-01  0.197373E-01  0.173389E-01  0.112641E-01
  -642.300  0.736081E-01  0.226687E-01  0.178111E-01  0.156344E-01  0.101313E-01
  -642.200  0.667247E-01  0.203552E-01  0.159665E-01  0.140030E-01  0.904913E-02
  -642.100  0.601721E-01  0.181635E-01  0.142212E-01  0.124603E-01  0.802798E-02
  -642.000  0.539958E-01  0.161118E-01  0.125900E-01  0.110198E-01  0.707683E-02
  -641.900  0.482149E-01  0.142075E-01  0.110786E-01  0.968631E-02  0.619899E-02
  -641.800  0.428504E-01  0.124575E-01  0.969247E-02  0.846457E-02  0.539734E-02
  -641.700  0.379064E-01  0.108617E-01  0.843123E-02  0.735419E-02  0.467138E-02
  -641.600  0.333860E-01  0.941912E-02  0.729376E-02  0.635401E-02  0.401999E-02
  -641.500  0.292746E-01  0.812192E-02  0.627332E-02  0.545785E-02  0.343867E-02
  -641.400  0.255727E-01  0.696673E-02  0.536677E-02  0.466272E-02  0.292501E-02
  -641.300  0.222664E-01  0.594533E-02  0.456710E-02  0.396223E-02  0.247434E-02
  -641.200  0.193392E-01  0.504835E-02  0.386638E-02  0.334914E-02  0.208146E-02
  -641.100  0.167779E-01  0.426747E-02  0.325754E-02  0.281701E-02  0.174170E-02
  -641.000  0.145658E-01  0.359360E-02  0.273295E-02  0.235892E-02  0.145014E-02
  -640.900  0.126845E-01  0.301799E-02  0.228538E-02  0.196838E-02  0.120227E-02
  -640.800  0.111175E-01  0.253157E-02  0.190722E-02  0.163850E-02  0.993206E-03
  -640.700  0.984575E-02  0.212647E-02  0.159209E-02  0.136356E-02  0.819064E-03
  -640.600  0.884931E-02  0.179417E-02  0.133302E-02  0.113736E-02  0.675604E-03
  -640.500  0.811374E-02  0.152836E-02  0.112485E-02  0.955247E-03  0.559605E-03
  -640.400  0.761212E-02  0.132028E-02  0.960638E-03  0.811132E-03  0.467118E-03
  -640.300  0.732362E-02  0.116263E-02  0.834513E-03  0.699780E-03  0.394606E-03
  -640.200  0.723450E-02  0.105174E-02  0.743615E-03  0.618699E-03  0.340477E-03
  -640.100  0.731654E-02  0.979675E-03  0.681763E-03  0.562481E-03  0.301269E-03
  -640.000  0.754732E-02  0.941308E-03  0.645035E-03  0.527729E-03  0.274856E-03
  -639.900  0.790996E-02  0.933213E-03  0.630847E-03  0.512219E-03  0.259869E-03
  -639.800  0.837192E-02  0.947685E-03  0.633314E-03  0.510852E-03  0.253133E-03
  -639.700  0.891640E-02  0.982738E-03  0.651108E-03  0.522560E-03  0.254116E-03
  -639.600  0.951692E-02  0.103328E-02  0.680489E-03  0.544167E-03  0.260969E-03
  -639.500  0.101487E-01  0.109494E-02  0.718260E-03  0.572966E-03  0.272100E-03
  -639.400  0.107879E-01  0.116388E-02  0.761718E-03  0.606717E-03  0.286303E-03
  -639.300  0.114114E-01  0.123649E-02  0.808341E-03  0.643335E-03  0.302464E-03
  -639.200  0.119972E-01  0.130869E-02  0.855155E-03  0.680310E-03  0.319131E-03
  -639.100  0.125261E-01  0.137801E-02  0.900589E-03  0.716416E-03  0.335795E-03
  -639.000  0.129806E-01  0.144127E-02  0.942361E-03  0.749744E-03  0.351391E-03
  -638.900  0.133455E-01  0.149564E-02  0.978465E-03  0.778630E-03  0.365019E-03
  -638.800  0.136091E-01  0.153922E-02  0.100765E-02  0.802072E-03  0.376213E-03
  -638.700  0.137624E-01  0.157005E-02  0.102848E-02  0.818868E-03  0.384302E-03
  -638.600  0.138015E-01  0.158722E-02  0.104035E-02  0.828530E-03  0.389058E-03
  -638.500  0.137229E-01  0.158962E-02  0.104245E-02  0.830377E-03  0.390096E-03
  -638.400  0.135298E-01  0.157741E-02  0.103489E-02  0.824505E-03  0.387478E-03
  -638.300  0.132264E-01  0.155068E-02  0.101767E-02  0.810886E-03  0.381153E-03
  -638.200  0.128195E-01  0.151002E-02  0.991183E-03  0.789824E-03  0.371255E-03
  -638.100  0.123200E-01  0.145676E-02  0.956307E-03  0.762038E-03  0.358140E-03
  -638.000  0.117396E-01  0.139224E-02  0.913919E-03  0.728219E-03  0.342130E-03
  -637.900  0.110908E-01  0.131815E-02  0.865159E-03  0.689288E-03  0.323673E-03
  -637.800  0.103881E-01  0.123633E-02  0.811239E-03  0.646215E-03  0.303231E-03
  -637.700  0.964679E-02  0.114885E-02  0.753558E-03  0.600129E-03  0.281357E-03
  -637.600  0.888094E-02  0.105762E-02  0.693384E-03  0.552048E-03  0.258542E-03
  -637.500  0.810540E-02  0.964660E-03  0.632069E-03  0.503061E-03  0.235313E-03
  -637.400  0.733245E-02  0.871655E-03  0.570743E-03  0.454075E-03  0.212106E-03
  -637.300  0.657559E-02  0.780406E-03  0.510602E-03  0.406050E-03  0.189382E-03
  -637.200  0.584467E-02  0.692266E-03  0.452552E-03  0.359715E-03  0.167491E-03
  -637.100  0.514887E-02  0.608389E-03  0.397349E-03  0.315670E-03  0.146715E-03
  -637.000  0.449570E-02  0.529797E-03  0.345672E-03  0.274461E-03  0.127312E-03
  -636.900  0.388964E-02  0.457055E-03  0.297891E-03  0.236380E-03  0.109419E-03
  -636.800  0.333504E-02  0.390694E-03  0.254349E-03  0.201700E-03  0.931589E-04
  -636.700  0.283428E-02  0.331003E-03  0.215233E-03  0.170566E-03  0.785960E-04
  -636.600  0.238667E-02  0.277845E-03  0.180441E-03  0.142893E-03  0.656831E-04
  -636.500  0.199129E-02  0.231059E-03  0.149859E-03  0.118586E-03  0.543678E-04
  -636.400  0.164671E-02  0.190470E-03  0.123366E-03  0.975463E-04  0.446014E-04
  -636.300  0.134902E-02  0.155551E-03  0.100607E-03  0.794866E-04  0.362410E-04
  -636.200  0.109547E-02  0.125919E-03  0.813213E-04  0.641947E-04  0.291816E-04
  -636.100  0.881540E-03  0.101039E-03  0.651558E-04  0.513894E-04  0.232896E-04
  -636.000  0.703196E-03  0.803880E-04  0.517600E-04  0.407878E-04  0.184266E-04
  -635.900  0.555566E-03  0.633338E-04  0.407129E-04  0.320522E-04  0.144313E-04
  -635.800  0.435318E-03  0.495123E-04  0.317770E-04  0.249936E-04  0.112152E-04
  -635.700  0.338246E-03  0.383948E-04  0.246021E-04  0.193319E-04  0.864478E-05
  -635.600  0.260126E-03  0.294563E-04  0.188409E-04  0.147892E-04  0.658804E-05
  -635.500  0.198509E-03  0.224265E-04  0.143188E-04  0.112277E-04  0.000000E+00
  -635.400  0.150325E-03  0.169678E-04  0.108165E-04  0.847344E-05  0.000000E+00
  -635.300  0.112950E-03  0.127404E-04  0.810853E-05  0.634581E-05  0.000000E+00
  -635.200  0.837313E-04  0.942999E-05  0.599041E-05  0.000000E+00  0.000000E+00
  -635.100  0.616794E-04  0.693839E-05  0.000000E+00  0.000000E+00  0.000000E+00
  -635.000  0.452984E-04  0.000000E+00  0.000000E+00  0.000000E+00  0.000000E+00
  -634.900  0.323369E-04  0.000000E+00  0.000000E+00  0.000000E+00  0.000000E+00
  -634.800  0.231983E-04  0.000000E+00  0.000000E+00  0.000000E+00  0.000000E+00
  -634.700  0.166616E-04  0.000000E+00  0.000000E+00  0.000000E+00  0.000000E+00
  -634.600  0.117318E-04  0.000000E+00  0.000000E+00  0.000000E+00  0.000000E+00
  -634.500  0.813320E-05  0.000000E+00  0.000000E+00  0.000000E+00  0.000000E+00
  -634.400  0.586281E-05  0.000000E+00  0.000000E+00  0.000000E+00  0.000000E+00
  -634.300  0.000000E+00  0.000000E+00  0.000000E+00  0.000000E+00  0.000000E+00
  -634.200  0.000000E+00  0.000000E+00  0.000000E+00  0.000000E+00  0.000000E+00
  -634.100  0.000000E+00  0.000000E+00  0.000000E+00  0.000000E+00  0.000000E+00
  -634.000  0.000000E+00  0.000000E+00  0.000000E+00  0.000000E+00  0.000000E+00
  -633.900  0.000000E+00  0.000000E+00  0.000000E+00  0.000000E+00  0.000000E+00
  -633.800  0.000000E+00  0.000000E+00  0.000000E+00  0.000000E+00  0.000000E+00
  -633.700  0.000000E+00  0.000000E+00  0.000000E+00  0.000000E+00  0.000000E+00
  -633.600  0.000000E+00  0.000000E+00  0.000000E+00  0.000000E+00  0.000000E+00
  -633.500  0.000000E+00  0.000000E+00  0.000000E+00  0.000000E+00  0.000000E+00
  -633.400  0.000000E+00  0.000000E+00  0.000000E+00  0.000000E+00  0.000000E+00
  -633.300  0.000000E+00  0.000000E+00  0.000000E+00  0.000000E+00  0.000000E+00
  -633.200  0.000000E+00  0.000000E+00  0.000000E+00  0.000000E+00  0.000000E+00
  -633.100  0.000000E+00  0.000000E+00  0.000000E+00  0.000000E+00  0.000000E+00
  -633.000  0.000000E+00  0.000000E+00  0.000000E+00  0.000000E+00  0.000000E+00
  -632.900  0.000000E+00  0.000000E+00  0.000000E+00  0.000000E+00  0.000000E+00
  -632.800  0.000000E+00  0.000000E+00  0.000000E+00  0.000000E+00  0.000000E+00
  -632.700  0.000000E+00  0.000000E+00  0.000000E+00  0.000000E+00  0.000000E+00
  -632.600  0.000000E+00  0.000000E+00  0.000000E+00  0.000000E+00  0.000000E+00
  -632.500  0.000000E+00  0.000000E+00  0.000000E+00  0.000000E+00  0.000000E+00
  -632.400  0.000000E+00  0.000000E+00  0.000000E+00  0.000000E+00  0.000000E+00
  -632.300  0.000000E+00  0.000000E+00  0.000000E+00  0.000000E+00  0.000000E+00
  -632.200  0.000000E+00  0.000000E+00  0.000000E+00  0.000000E+00  0.000000E+00
  -632.100  0.000000E+00  0.000000E+00  0.000000E+00  0.000000E+00  0.000000E+00
  -632.000  0.000000E+00  0.000000E+00  0.000000E+00  0.000000E+00  0.000000E+00
  -631.900  0.000000E+00  0.000000E+00  0.000000E+00  0.000000E+00  0.000000E+00
  -631.800  0.000000E+00  0.000000E+00  0.000000E+00  0.000000E+00  0.000000E+00
  -631.700  0.000000E+00  0.000000E+00  0.000000E+00  0.000000E+00  0.000000E+00
  -631.600  0.000000E+00  0.000000E+00  0.000000E+00  0.000000E+00  0.000000E+00
  -631.500  0.000000E+00  0.000000E+00  0.000000E+00  0.000000E+00  0.000000E+00
  -631.400  0.000000E+00  0.000000E+00  0.000000E+00  0.000000E+00  0.000000E+00
  -631.300  0.000000E+00  0.000000E+00  0.000000E+00  0.000000E+00  0.000000E+00
  -631.200  0.000000E+00  0.000000E+00  0.000000E+00  0.000000E+00  0.000000E+00
  -631.100  0.000000E+00  0.000000E+00  0.000000E+00  0.000000E+00  0.000000E+00
  -631.000  0.000000E+00  0.000000E+00  0.000000E+00  0.000000E+00  0.000000E+00
  -630.900  0.000000E+00  0.000000E+00  0.000000E+00  0.000000E+00  0.000000E+00
  -630.800  0.000000E+00  0.000000E+00  0.000000E+00  0.000000E+00  0.000000E+00
  -630.700  0.000000E+00  0.000000E+00  0.000000E+00  0.000000E+00  0.000000E+00
  -630.600  0.000000E+00  0.000000E+00  0.000000E+00  0.000000E+00  0.000000E+00
  -630.500  0.000000E+00  0.000000E+00  0.000000E+00  0.000000E+00  0.000000E+00
  -630.400  0.000000E+00  0.000000E+00  0.000000E+00  0.000000E+00  0.000000E+00
  -630.300  0.000000E+00  0.000000E+00  0.000000E+00  0.000000E+00  0.000000E+00
  -630.200  0.000000E+00  0.000000E+00  0.000000E+00  0.000000E+00  0.000000E+00
  -630.100  0.000000E+00  0.000000E+00  0.000000E+00  0.000000E+00  0.000000E+00
  -630.000  0.000000E+00  0.000000E+00  0.000000E+00  0.000000E+00  0.000000E+00
  -629.900  0.000000E+00  0.000000E+00  0.000000E+00  0.000000E+00  0.000000E+00
  -629.800  0.000000E+00  0.000000E+00  0.000000E+00  0.000000E+00  0.000000E+00
  -629.700  0.000000E+00  0.000000E+00  0.000000E+00  0.000000E+00  0.000000E+00
  -629.600  0.000000E+00  0.000000E+00  0.000000E+00  0.000000E+00  0.000000E+00
  -629.500  0.000000E+00  0.000000E+00  0.000000E+00  0.000000E+00  0.000000E+00
  -629.400  0.000000E+00  0.000000E+00  0.000000E+00  0.000000E+00  0.000000E+00
  -629.300  0.000000E+00  0.000000E+00  0.000000E+00  0.000000E+00  0.000000E+00
  -629.200  0.000000E+00  0.000000E+00  0.000000E+00  0.000000E+00  0.000000E+00
  -629.100  0.000000E+00  0.000000E+00  0.000000E+00  0.000000E+00  0.000000E+00
  -629.000  0.000000E+00  0.000000E+00  0.000000E+00  0.000000E+00  0.000000E+00
  -628.900  0.000000E+00  0.000000E+00  0.000000E+00  0.000000E+00  0.000000E+00
  -628.800  0.000000E+00  0.000000E+00  0.000000E+00  0.000000E+00  0.000000E+00
  -628.700  0.000000E+00  0.000000E+00  0.000000E+00  0.000000E+00  0.000000E+00
  -628.600  0.000000E+00  0.000000E+00  0.000000E+00  0.000000E+00  0.000000E+00
  -628.500  0.000000E+00  0.000000E+00  0.000000E+00  0.000000E+00  0.000000E+00
  -628.400  0.000000E+00  0.000000E+00  0.000000E+00  0.000000E+00  0.000000E+00
  -628.300  0.000000E+00  0.000000E+00  0.000000E+00  0.000000E+00  0.000000E+00
  -628.200  0.000000E+00  0.000000E+00  0.000000E+00  0.000000E+00  0.000000E+00
  -628.100  0.000000E+00  0.000000E+00  0.000000E+00  0.000000E+00  0.000000E+00
  -628.000  0.000000E+00  0.000000E+00  0.000000E+00  0.000000E+00  0.000000E+00
  -627.900  0.000000E+00  0.000000E+00  0.000000E+00  0.000000E+00  0.000000E+00
  -627.800  0.000000E+00  0.000000E+00  0.000000E+00  0.000000E+00  0.000000E+00
  -627.700  0.000000E+00  0.000000E+00  0.000000E+00  0.000000E+00  0.000000E+00
  -627.600  0.000000E+00  0.000000E+00  0.000000E+00  0.000000E+00  0.000000E+00
  -627.500  0.000000E+00  0.000000E+00  0.000000E+00  0.000000E+00  0.000000E+00
  -627.400  0.000000E+00  0.000000E+00  0.000000E+00  0.000000E+00  0.000000E+00
  -627.300  0.000000E+00  0.000000E+00  0.000000E+00  0.000000E+00  0.000000E+00
  -627.200  0.000000E+00  0.000000E+00  0.000000E+00  0.000000E+00  0.000000E+00
  -627.100  0.000000E+00  0.000000E+00  0.000000E+00  0.000000E+00  0.000000E+00
  -627.000  0.000000E+00  0.000000E+00  0.000000E+00  0.000000E+00  0.000000E+00
  -626.900  0.000000E+00  0.000000E+00  0.000000E+00  0.000000E+00  0.000000E+00
  -626.800  0.000000E+00  0.000000E+00  0.000000E+00  0.000000E+00  0.000000E+00
  -626.700  0.000000E+00  0.000000E+00  0.000000E+00  0.000000E+00  0.000000E+00
  -626.600  0.000000E+00  0.000000E+00  0.000000E+00  0.000000E+00  0.000000E+00
  -626.500  0.000000E+00  0.000000E+00  0.000000E+00  0.000000E+00  0.000000E+00
  -626.400  0.000000E+00  0.000000E+00  0.000000E+00  0.000000E+00  0.000000E+00
  -626.300  0.000000E+00  0.000000E+00  0.000000E+00  0.000000E+00  0.000000E+00
  -626.200  0.000000E+00  0.000000E+00  0.000000E+00  0.000000E+00  0.000000E+00
  -626.100  0.000000E+00  0.000000E+00  0.000000E+00  0.000000E+00  0.000000E+00
  -626.000  0.000000E+00  0.000000E+00  0.000000E+00  0.000000E+00  0.000000E+00
  -625.900  0.000000E+00  0.000000E+00  0.000000E+00  0.000000E+00  0.000000E+00
  -625.800  0.000000E+00  0.000000E+00  0.000000E+00  0.000000E+00  0.000000E+00
  -625.700  0.000000E+00  0.000000E+00  0.000000E+00  0.000000E+00  0.000000E+00
  -625.600  0.000000E+00  0.000000E+00  0.000000E+00  0.000000E+00  0.000000E+00
  -625.500  0.000000E+00  0.000000E+00  0.000000E+00  0.000000E+00  0.000000E+00
  -625.400  0.000000E+00  0.000000E+00  0.000000E+00  0.000000E+00  0.000000E+00
  -625.300  0.000000E+00  0.000000E+00  0.000000E+00  0.000000E+00  0.000000E+00
  -625.200  0.000000E+00  0.000000E+00  0.000000E+00  0.000000E+00  0.000000E+00
  -625.100  0.000000E+00  0.000000E+00  0.000000E+00  0.000000E+00  0.000000E+00
  -625.000  0.000000E+00  0.000000E+00  0.000000E+00  0.000000E+00  0.000000E+00
  -624.900  0.000000E+00  0.000000E+00  0.000000E+00  0.000000E+00  0.000000E+00
  -624.800  0.000000E+00  0.000000E+00  0.000000E+00  0.000000E+00  0.000000E+00
  -624.700  0.000000E+00  0.000000E+00  0.000000E+00  0.000000E+00  0.000000E+00
  -624.600  0.000000E+00  0.000000E+00  0.000000E+00  0.000000E+00  0.000000E+00
  -624.500  0.000000E+00  0.000000E+00  0.000000E+00  0.000000E+00  0.000000E+00
  -624.400  0.000000E+00  0.000000E+00  0.000000E+00  0.000000E+00  0.000000E+00
  -624.300  0.000000E+00  0.000000E+00  0.000000E+00  0.000000E+00  0.000000E+00
  -624.200  0.000000E+00  0.000000E+00  0.000000E+00  0.000000E+00  0.000000E+00
  -624.100  0.000000E+00  0.000000E+00  0.000000E+00  0.000000E+00  0.000000E+00
  -624.000  0.000000E+00  0.000000E+00  0.000000E+00  0.000000E+00  0.000000E+00
  -623.900  0.000000E+00  0.000000E+00  0.000000E+00  0.000000E+00  0.000000E+00
  -623.800  0.000000E+00  0.000000E+00  0.000000E+00  0.000000E+00  0.000000E+00
  -623.700  0.000000E+00  0.000000E+00  0.000000E+00  0.000000E+00  0.000000E+00
  -623.600  0.000000E+00  0.000000E+00  0.000000E+00  0.000000E+00  0.000000E+00
  -623.500  0.000000E+00  0.000000E+00  0.000000E+00  0.000000E+00  0.000000E+00
  -623.400  0.000000E+00  0.000000E+00  0.000000E+00  0.000000E+00  0.000000E+00
  -623.300  0.000000E+00  0.000000E+00  0.000000E+00  0.000000E+00  0.000000E+00
  -623.200  0.000000E+00  0.000000E+00  0.000000E+00  0.000000E+00  0.000000E+00
  -623.100  0.000000E+00  0.000000E+00  0.000000E+00  0.000000E+00  0.000000E+00
  -623.000  0.000000E+00  0.000000E+00  0.000000E+00  0.000000E+00  0.000000E+00
  -622.900  0.000000E+00  0.000000E+00  0.000000E+00  0.000000E+00  0.000000E+00
  -622.800  0.000000E+00  0.000000E+00  0.000000E+00  0.000000E+00  0.000000E+00
  -622.700  0.000000E+00  0.000000E+00  0.000000E+00  0.000000E+00  0.000000E+00
  -622.600  0.000000E+00  0.000000E+00  0.000000E+00  0.000000E+00  0.000000E+00
  -622.500  0.000000E+00  0.000000E+00  0.000000E+00  0.000000E+00  0.000000E+00
  -622.400  0.000000E+00  0.000000E+00  0.000000E+00  0.000000E+00  0.000000E+00
  -622.300  0.000000E+00  0.000000E+00  0.000000E+00  0.000000E+00  0.000000E+00
  -622.200  0.000000E+00  0.000000E+00  0.000000E+00  0.000000E+00  0.000000E+00
  -622.100  0.000000E+00  0.000000E+00  0.000000E+00  0.000000E+00  0.000000E+00
  -622.000  0.000000E+00  0.000000E+00  0.000000E+00  0.000000E+00  0.000000E+00
  -621.900  0.000000E+00  0.000000E+00  0.000000E+00  0.000000E+00  0.000000E+00
  -621.800  0.000000E+00  0.000000E+00  0.000000E+00  0.000000E+00  0.000000E+00
  -621.700  0.000000E+00  0.000000E+00  0.000000E+00  0.000000E+00  0.000000E+00
  -621.600  0.000000E+00  0.000000E+00  0.000000E+00  0.000000E+00  0.000000E+00
  -621.500  0.000000E+00  0.000000E+00  0.000000E+00  0.000000E+00  0.000000E+00
  -621.400  0.000000E+00  0.000000E+00  0.000000E+00  0.000000E+00  0.000000E+00
  -621.300  0.000000E+00  0.000000E+00  0.000000E+00  0.000000E+00  0.000000E+00
  -621.200  0.000000E+00  0.000000E+00  0.000000E+00  0.000000E+00  0.000000E+00
  -621.100  0.000000E+00  0.000000E+00  0.000000E+00  0.000000E+00  0.000000E+00
  -621.000  0.000000E+00  0.000000E+00  0.000000E+00  0.000000E+00  0.000000E+00
  -620.900  0.000000E+00  0.000000E+00  0.000000E+00  0.000000E+00  0.000000E+00
  -620.800  0.000000E+00  0.000000E+00  0.000000E+00  0.000000E+00  0.000000E+00
  -620.700  0.000000E+00  0.000000E+00  0.000000E+00  0.000000E+00  0.000000E+00
  -620.600  0.000000E+00  0.000000E+00  0.000000E+00  0.000000E+00  0.000000E+00
  -620.500  0.000000E+00  0.000000E+00  0.000000E+00  0.000000E+00  0.000000E+00
  -620.400  0.000000E+00  0.000000E+00  0.000000E+00  0.000000E+00  0.000000E+00
  -620.300  0.000000E+00  0.000000E+00  0.000000E+00  0.000000E+00  0.000000E+00
  -620.200  0.000000E+00  0.000000E+00  0.000000E+00  0.000000E+00  0.000000E+00
  -620.100  0.000000E+00  0.000000E+00  0.000000E+00  0.000000E+00  0.000000E+00
  -620.000  0.000000E+00  0.000000E+00  0.000000E+00  0.000000E+00  0.000000E+00
