  -680.0
  -679.9
  -679.8
  -679.7
  -679.6
  -679.5
  -679.4
  -679.3
  -679.2
  -679.1
  -679.0
  -678.9
  -678.8
  -678.7
  -678.6
  -678.5
  -678.4
  -678.3
  -678.2
  -678.1
  -678.0
  -677.9
  -677.8
  -677.7
  -677.6
  -677.5
  -677.4
  -677.3
  -677.2
  -677.1
  -677.0
  -676.9
  -676.8
  -676.7
  -676.6
  -676.5
  -676.4
  -676.3
  -676.2
  -676.1
  -676.0
  -675.9
  -675.8
  -675.7
  -675.6
  -675.5
  -675.4
  -675.3
  -675.2
  -675.1
  -675.0
  -674.9
  -674.8
  -674.7
  -674.6
  -674.5
  -674.4
  -674.3
  -674.2
  -674.1
  -674.0
  -673.9
  -673.8
  -673.7
  -673.6
  -673.5
  -673.4
  -673.3
  -673.2
  -673.1
  -673.0
  -672.9
  -672.8
  -672.7
  -672.6
  -672.5
  -672.4
  -672.3
  -672.2
  -672.1
  -672.0
  -671.9
  -671.8
  -671.7
  -671.6
  -671.5
  -671.4
  -671.3
  -671.2
  -671.1
  -671.0
  -670.9
  -670.8
  -670.7
  -670.6
  -670.5
  -670.4
  -670.3
  -670.2
  -670.1
  -670.0
  -669.9
  -669.8
  -669.7
  -669.6
  -669.5
  -669.4
  -669.3
  -669.2
  -669.1
  -669.0
  -668.9
  -668.8
  -668.7
  -668.6
  -668.5
  -668.4
  -668.3
  -668.2
  -668.1
  -668.0
  -667.9
  -667.8
  -667.7
  -667.6
  -667.5
  -667.4
  -667.3
  -667.2
  -667.1
  -667.0
  -666.9
  -666.8
  -666.7
  -666.6
  -666.5
  -666.4
  -666.3
  -666.2
  -666.1
  -666.0
  -665.9
  -665.8
  -665.7
  -665.6
  -665.5
  -665.4
  -665.3
  -665.2
  -665.1
  -665.0
  -664.9
  -664.8
  -664.7
  -664.6
  -664.5
  -664.4
  -664.3
  -664.2
  -664.1
  -664.0
  -663.9
  -663.8
  -663.7
  -663.6
  -663.5
  -663.4
  -663.3
  -663.2
  -663.1
  -663.0
  -662.9
  -662.8
  -662.7
  -662.6
  -662.5
  -662.4
  -662.3
  -662.2
  -662.1
  -662.0
  -661.9
  -661.8
  -661.7
  -661.6
  -661.5
  -661.4
  -661.3
  -661.2
  -661.1
  -661.0
  -660.9
  -660.8
  -660.7
  -660.6
  -660.5
  -660.4
  -660.3
  -660.2
  -660.1
  -660.0
  -659.9
  -659.8
  -659.7
  -659.6
  -659.5
  -659.4
  -659.3
  -659.2
  -659.1
  -659.0
  -658.9
  -658.8
  -658.7
  -658.6
  -658.5
  -658.4
  -658.3
  -658.2
  -658.1
  -658.0
  -657.9
  -657.8
  -657.7
  -657.6
  -657.5
  -657.4
  -657.3
  -657.2
  -657.1
  -657.0
  -656.9
  -656.8
  -656.7
  -656.6
  -656.5
  -656.4
  -656.3
  -656.2
  -656.1
  -656.0
  -655.9
  -655.8
  -655.7
  -655.6
  -655.5
  -655.4
  -655.3
  -655.2
  -655.1
  -655.0
  -654.9
  -654.8
  -654.7
  -654.6
  -654.5
  -654.4
  -654.3
  -654.2
  -654.1
  -654.0
  -653.9
  -653.8
  -653.7
  -653.6
  -653.5
  -653.4
  -653.3
  -653.2
  -653.1
  -653.0
  -652.9
  -652.8
  -652.7
  -652.6
  -652.5
  -652.4
  -652.3
  -652.2
  -652.1
  -652.0
  -651.9
  -651.8
  -651.7
  -651.6
  -651.5
  -651.4
  -651.3
  -651.2
  -651.1
  -651.0
  -650.9
  -650.8
  -650.7
  -650.6
  -650.5
  -650.4
  -650.3
  -650.2
  -650.1
  -650.0
  -649.9
  -649.8
  -649.7
  -649.6
  -649.5
  -649.4
  -649.3
  -649.2
  -649.1
  -649.0
  -648.9
  -648.8
  -648.7
  -648.6
  -648.5
  -648.4
  -648.3
  -648.2
  -648.1
  -648.0
  -647.9
  -647.8
  -647.7
  -647.6
  -647.5
  -647.4
  -647.3
  -647.2
  -647.1
  -647.0
  -646.9
  -646.8
  -646.7
  -646.6
  -646.5
  -646.4
  -646.3
  -646.2
  -646.1
  -646.0
  -645.9
  -645.8
  -645.7
  -645.6
  -645.5
  -645.4
  -645.3
  -645.2
  -645.1
  -645.0
  -644.9
  -644.8
  -644.7
  -644.6
  -644.5
  -644.4
  -644.3
  -644.2
  -644.1
  -644.0
  -643.9
  -643.8
  -643.7
  -643.6
  -643.5
  -643.4
  -643.3
  -643.2
  -643.1
  -643.0
  -642.9
  -642.8
  -642.7
  -642.6
  -642.5
  -642.4
  -642.3
  -642.2
  -642.1
  -642.0
  -641.9
  -641.8
  -641.7
  -641.6
  -641.5
  -641.4
  -641.3
  -641.2
  -641.1
  -641.0
  -640.9
  -640.8
  -640.7
  -640.6
  -640.5
  -640.4
  -640.3
  -640.2
  -640.1
  -640.0
  -639.9
  -639.8
  -639.7
  -639.6
  -639.5
  -639.4
  -639.3
  -639.2
  -639.1
  -639.0
  -638.9
  -638.8
  -638.7
  -638.6
  -638.5
  -638.4
  -638.3
  -638.2
  -638.1
  -638.0
  -637.9
  -637.8
  -637.7
  -637.6
  -637.5
  -637.4
  -637.3
  -637.2
  -637.1
  -637.0
  -636.9
  -636.8
  -636.7
  -636.6
  -636.5
  -636.4
  -636.3
  -636.2
  -636.1
  -636.0
  -635.9
  -635.8
  -635.7
  -635.6
  -635.5
  -635.4
  -635.3
  -635.2
  -635.1
  -635.0
  -634.9
  -634.8
  -634.7
  -634.6
  -634.5
  -634.4
  -634.3
  -634.2
  -634.1
  -634.0
  -633.9
  -633.8
  -633.7
  -633.6
  -633.5
  -633.4
  -633.3
  -633.2
  -633.1
  -633.0
  -632.9
  -632.8
  -632.7
  -632.6
  -632.5
  -632.4
  -632.3
  -632.2
  -632.1
  -632.0
  -631.9
  -631.8
  -631.7
  -631.6
  -631.5
  -631.4
  -631.3
  -631.2
  -631.1
  -631.0
  -630.9
  -630.8
  -630.7
  -630.6
  -630.5
  -630.4
  -630.3
  -630.2
  -630.1
  -630.0
  -629.9
  -629.8
  -629.7
  -629.6
  -629.5
  -629.4
  -629.3
  -629.2
  -629.1
  -629.0
  -628.9
  -628.8
  -628.7
  -628.6
  -628.5
  -628.4
  -628.3
  -628.2
  -628.1
  -628.0
  -627.9
  -627.8
  -627.7
  -627.6
  -627.5
  -627.4
  -627.3
  -627.2
  -627.1
  -627.0
  -626.9
  -626.8
  -626.7
  -626.6
  -626.5
  -626.4
  -626.3
  -626.2
  -626.1
  -626.0
  -625.9
  -625.8
  -625.7
  -625.6
  -625.5
  -625.4
  -625.3
  -625.2
  -625.1
  -625.0
  -624.9
  -624.8
  -624.7
  -624.6
  -624.5
  -624.4
  -624.3
  -624.2
  -624.1
  -624.0
  -623.9
  -623.8
  -623.7
  -623.6
  -623.5
  -623.4
  -623.3
  -623.2
  -623.1
  -623.0
  -622.9
  -622.8
  -622.7
  -622.6
  -622.5
  -622.4
  -622.3
  -622.2
  -622.1
  -622.0
  -621.9
  -621.8
  -621.7
  -621.6
  -621.5
  -621.4
  -621.3
  -621.2
  -621.1
  -621.0
  -620.9
  -620.8
  -620.7
  -620.6
  -620.5
  -620.4
  -620.3
  -620.2
  -620.1
  -620.0
