4
1.0907244187749701E+01 1.0910042724065301E+01 1.0909960073731900E+01 1298.2688848176513
1.0904287731292300E+01 1.0908404327452800E+01 1.0914013282253000E+01 1298.204193501563
1.0905491198127599E+01 1.0905491267427299E+01 1.0915480143153300E+01 1298.175204792566
1.0904077557025399E+01 1.0914587198563799E+01 1.0907915500971200E+01 1298.1892594619283
1.0902251737558400E+01 1.0913773160750599E+01 1.0910596231287100E+01 1298.1940456420261
1.0907960649853001E+01 1.0906239883625901E+01 1.0911939844755601E+01 1298.1371284911984
1.0904951289632900E+01 1.0910539600777099E+01 1.0910539595114599E+01 1298.1240309655677
1.0909640404774400E+01 1.0908541454444300E+01 1.0908541688058200E+01 1298.2066157059603
1.0907660286800301E+01 1.0907660236390900E+01 1.0910546981157200E+01 1298.1047196976867
1.0907050039792198E+01 1.0913461284006297E+01 1.0905975612522100E+01 1298.1782838977435
1.0904720284885100E+01 1.0916579036234999E+01 1.0904720524980499E+01 1298.122367223722
1.0905778713449900E+01 1.0914989620065899E+01 1.0905778107356699E+01 1298.1852353245047
1.0914848297539100E+01 1.0905937871228501E+01 1.0905937880064400E+01 1298.2063911295659
1.0910582348620400E+01 1.0910582220517901E+01 1.0905349145947300E+01 1298.1815497369066
1.0908787653911300E+01 1.0908787644354900E+01 1.0909336318746901E+01 1298.2290002321704
1.0909295871639300E+01 1.0904102447716300E+01 1.0913447550651799E+01 1298.220937911833
1.0914177031141000E+01 1.0907495376653200E+01 1.0904117317865399E+01 1298.0952086318744
1.0910566459567100E+01 1.0903452531222101E+01 1.0912009374198099E+01 1298.123663241938
1.0906767099154500E+01 1.0907722329206001E+01 1.0911877154208700E+01 1298.1640597209932
1.0902981915267899E+01 1.0911716621038600E+01 1.0911415274642701E+01 1298.1337919889206
1.0902408534608799E+01 1.0912298026375201E+01 1.0912297925155601E+01 1298.239697598965
1.0910336619088699E+01 1.0907510555997099E+01 1.0907510285788300E+01 1298.04402772495
1.0908843117084601E+01 1.0904043320270100E+01 1.0913661408679900E+01 1298.1854587224566
1.0905253686951101E+01 1.0906174204801500E+01 1.0915598772651100E+01 1298.2423351166137
1.0904138915017100E+01 1.0913831909042599E+01 1.0908032020732101E+01 1298.1205957928291
1.0915321212752598E+01 1.0908655448769601E+01 1.0901904775007701E+01 1298.1059170017963
1.0912294928154701E+01 1.0911976795233301E+01 1.0902578752823500E+01 1298.221392764692
1.0909666469857701E+01 1.0907253037106701E+01 1.0907253182445400E+01 1297.9030596010448
1.0910635459678099E+01 1.0905240604397999E+01 1.0910635376912898E+01 1298.1812728640455
1.0912641930726700E+01 1.0907332711064001E+01 1.0907332738116700E+01 1298.2759974225642
1.0913403302492201E+01 1.0906235143753300E+01 1.0906235115924400E+01 1298.1052840551072
1.0912615470468300E+01 1.0906333352614100E+01 1.0906396130730799E+01 1298.0424264349458
1.0909928812801800E+01 1.0906532229836399E+01 1.0909183869707700E+01 1298.0782273950601
1.0910254396932800E+01 1.0910254263000899E+01 1.0905109223389401E+01 1298.074949542087
1.0905900698022300E+01 1.0905339842082901E+01 1.0913828276159800E+01 1298.0094642085203
