           5 substitutions in          16 sites
          35 configurations
     1     96   12   13   14   15   16
     2    192   11   12   14   15   16
     3     48   10   12   14   15   16
     4    192   10   12   13   15   16
     5     96   10   12   13   14   15
     6    192   10   11   14   15   16
     7     96   10   11   13   15   16
     8     96   10   11   13   14   16
     9     96   10   11   12   14   15
    10    192   10   11   12   13   16
    11     96   10   11   12   13   15
    12     96   10   11   12   13   14
    13     48    8   13   14   15   16
    14     96    8   12   13   15   16
    15     96    8   12   13   14   16
    16    192    7   12   14   15   16
    17    192    7   12   13   15   16
    18    192    7   12   13   14   16
    19    192    7   12   13   14   15
    20    192    7   11   12   15   16
    21     96    7   11   12   14   15
    22     96    7   11   12   13   16
    23    192    7   10   12   15   16
    24    192    7   10   12   14   15
    25    192    7   10   12   13   15
    26    192    7   10   11   13   16
    27     96    7   10   11   13   14
    28     96    7    9   10   11   12
    29     96    7    8    9   10   16
    30     48    4    7   14   15   16
    31     48    4    7   13   15   16
    32     96    4    7   12   13   16
    33     96    4    7   12   13   14
    34     48    4    7   10   12   13
    35     96    4    6    9   15   16
