-660.0075930615831 -655.7247750837887 -655.7375416307655 -649.2883941671143 -648.806401718457 
-660.6029173220008 -655.2927534336886 -655.0086395272656 -655.8292018105467 -655.6020566099824 
-654.8781598667338 -654.8763988846176 -654.8765398962073 -654.8781951986125 -649.2765921982655 
-661.1061290127413 -655.118488333997 -662.6149948755733 -655.5574740868665 -648.7669832900665 
-661.3068989288631 -661.306971302608 -662.9425478719622 -655.8265821004074 -655.8265837257059 
-652.9130506205256 -658.0083307929376 -649.3202746584193 -653.5360413106409 -656.4413755022933 
-659.2800633052329 -659.2801965994872 -656.9961552352752 -654.5161343662594 -656.9962256672743 
-660.7542533529772 -660.7544252488237 -655.3208545661237 -649.4782804954939 -655.3209676066808 
-652.9002768046003 -652.4268811682005 -655.3663339128907 -655.3661825238951 -652.9003562529524 
-661.9757728464947 -661.4384589351826 -655.5587105392751 -662.5101948056799 -655.7631012244397 
-659.429041667715 -653.2035903938099 -655.6237751142589 -663.2518573629036 -653.2033406717728 
-661.2200478644022 -655.6873131609823 -661.2198659593369 -662.8220119797879 -655.6864374356601 
-662.7735617504691 -649.1593644445429 -655.4288917017166 -655.4282031197135 -649.1629818339293 
-655.3605586793178 -654.9649206376089 -655.3604897374803 -654.9645509272191 -648.8179077201867 
-656.3035061651744 -661.293421667378 -656.3035242051274 -661.2934775224685 -649.4061732180417 
-661.953470286725 -661.7767940609829 -655.6367292355944 -648.8595053354506 -655.6892247646642 
-659.6935924472996 -653.075372565524 -652.8699539821805 -649.60934070131 -655.6607928447529 
-659.930832065188 -659.9372481909481 -654.0240275577776 -656.3464077727745 -656.1549290708126 
-653.6675027119231 -658.6006670501756 -653.1383790508762 -656.1201665762014 -649.1546352859459 
-659.2043036499322 -659.4269457562395 -656.7375750779024 -655.7929136909493 -653.8038344807755 
-662.4149362469066 -661.9053101330173 -661.9047852515951 -655.5832564218417 -655.5838215408148 
-657.3603825363402 -654.5517260138631 -654.5511187655657 -653.7500812349035 -653.7509268228596 
-661.162786375894 -655.1552928393958 -655.6439463921042 -655.4171954532553 -655.9454312577445 
-655.6331054761113 -655.4190441802011 -662.0075406275992 -655.8852334008079 -655.6173310521572 
-653.7197316088163 -661.8287301820292 -653.0215773127416 -659.8931259962537 -656.1787415801464 
-660.6757971453826 -663.3746721957605 -660.1884683215371 -663.2489477518266 -654.0821699539902 
-662.4361814611011 -661.7598050015035 -661.7079102253083 -662.0075398049139 -649.5814473759542 
-661.5275235184927 -655.6699610805458 -655.6705557163277 -661.6565927029947 -661.655784730628 
-654.8579012223663 -648.3609775527175 -654.8576009926469 -649.1924014011138 -660.722391617639 
-656.1373137609708 -656.1208270621642 -649.2739681582711 -649.2779488845481 -661.0052408786823 
-662.859446614143 -662.8588541489694 -662.3681202191465 -649.2292472528161 -662.3668247378478 
-662.5878483788638 -659.9684105966317 -654.1675382682852 -660.1951699422275 -663.1428438971989 
-655.5228751116238 -653.4348406915615 -659.3191192980589 -659.3932686501448 -655.9147576384694 
-653.6004776416075 -653.6004938005894 -653.6004388076344 -653.6002291877116 -657.6713665175535 
-643.6029032396941 -649.6665878364283 -643.7874155869467 -656.838758347461 -643.8526725735101 
