4
1.0897840854704400E+01 1.0897840968224999E+01 1.0897841325925199E+01 1294.259637722234
1.0893407756111101E+01 1.0898573438111899E+01 1.0898573439905199E+01 1293.907023262075
1.0899195573696399E+01 1.0897064813202800E+01 1.0897361205782699E+01 1294.2713147187044
1.0900544335151700E+01 1.0895074406800701E+01 1.0898145959026399E+01 1294.288243444519
1.0898761549172400E+01 1.0896039538851101E+01 1.0898865293547699E+01 1294.27662055333
1.0900894164689300E+01 1.0895138877106501E+01 1.0894648342312200E+01 1293.9220392955547
1.0895601264410500E+01 1.0898738172891999E+01 1.0899129328071499E+01 1294.2531382296638
1.0898153499999999E+01 1.0899296200000000E+01 1.0899170700000001E+01 1294.6275069413048
1.0896568132528200E+01 1.0896568131234000E+01 1.0899606716223200E+01 1294.1669512479857
1.0899103071816700E+01 1.0894680754188601E+01 1.0899034068758400E+01 1294.1758115238888
1.0895447924717800E+01 1.0902464114930099E+01 1.0896145572587800E+01 1294.3229504114568
1.0894824871000800E+01 1.0894829945905800E+01 1.0902489794335599E+01 1294.0957122099746
1.0899353367846800E+01 1.0899353365218500E+01 1.0894796688012200E+01 1294.2572193627695
1.0899624765977499E+01 1.0892245482746500E+01 1.0901951157553899E+01 1294.2947801014852
1.0895109668377600E+01 1.0896042249202800E+01 1.0902907809249699E+01 1294.3231667263037
1.0898212642561701E+01 1.0897284316555499E+01 1.0897284325228700E+01 1294.1715305812922
1.0902429333986801E+01 1.0897109009827700E+01 1.0897109000779601E+01 1294.6306090265193
1.0903088789686700E+01 1.0893614818780099E+01 1.0899091260762001E+01 1294.5292061075513
1.0901908403552500E+01 1.0895969590911200E+01 1.0895969591681601E+01 1294.2980411247527
1.0899256646526100E+01 1.0895064699597500E+01 1.0899600287721601E+01 1294.3068940453359
1.0900365307288300E+01 1.0896603525213600E+01 1.0896727802086801E+01 1294.280191747814
1.0899790442312300E+01 1.0896025632555901E+01 1.0897566792015200E+01 1294.2429384564805
1.0901436615666000E+01 1.0895788998887101E+01 1.0896584266786300E+01 1294.2935893765748
1.0898710898616400E+01 1.0896143583726898E+01 1.0898802513236500E+01 1294.275508988592
1.0895777106603800E+01 1.0896989350899499E+01 1.0896934710489401E+01 1293.80577599366
1.0899446159333200E+01 1.0896841403744499E+01 1.0896841417499100E+01 1294.2128010586353
1.0892875236710999E+01 1.0899021807014099E+01 1.0899722761706499E+01 1294.0334495340874
1.0896612380007500E+01 1.0897798496123400E+01 1.0899059377638700E+01 1294.2533394380878
1.0894036148973600E+01 1.0897247137238200E+01 1.0900474687670201E+01 1294.0498987361343
1.0895950825463199E+01 1.0895950818169400E+01 1.0900960869085500E+01 1294.1810890485738
1.0897234389493100E+01 1.0897175626761801E+01 1.0898434087319901E+01 1294.1789884870063
1.0898160128882100E+01 1.0899936640569001E+01 1.0894320215876000E+01 1294.1281811250299
1.0894990471793999E+01 1.0899231031600699E+01 1.0899699610075301E+01 1294.3068283990979
1.0896714036332600E+01 1.0897469185542500E+01 1.0899586348479501E+01 1294.28887952328
1.0896557021094701E+01 1.0896556967332700E+01 1.0903700215475800E+01 1294.6503470923312
1.0898833057888300E+01 1.0894704446733900E+01 1.0899815896986800E+01 1294.2393979701496
1.0895732838020800E+01 1.0895732839109799E+01 1.0900955139416299E+01 1294.1286268547929
1.0898496761911300E+01 1.0897876218176400E+01 1.0897445406149000E+01 1294.2946982540527
1.0899285938819700E+01 1.0901050484912099E+01 1.0892038539402600E+01 1294.123032004941
1.0899152192449501E+01 1.0899152674523499E+01 1.0893097068002101E+01 1294.0075992647835
1.0894303192855100E+01 1.0897468786064399E+01 1.0900687571554800E+01 1294.1332147128458
1.0896947180570001E+01 1.0896947137930001E+01 1.0899505593633602E+01 1294.2449780459021
1.0897501386261400E+01 1.0897501378969400E+01 1.0897634423817900E+01 1294.154421318377
1.0898569709083199E+01 1.0898831296844900E+01 1.0896236545999001E+01 1294.2732023734713
1.0895911773019099E+01 1.0895717112197500E+01 1.0902136766731401E+01 1294.2882930284027
1.0897522913592301E+01 1.0894829931771801E+01 1.0903906140019499E+01 1294.584344104204
1.0899683817548000E+01 1.0892402506271999E+01 1.0901901254588299E+01 1294.3145263787208
1.0897469529270399E+01 1.0897673577654100E+01 1.0897807529452800E+01 1294.1916453324513
1.0897110494862700E+01 1.0898602913779300E+01 1.0902069219988199E+01 1294.7655014360687
1.0899449212397201E+01 1.0895648198378300E+01 1.0897943577765600E+01 1294.2023358615986
1.0899315497731100E+01 1.0900385037627800E+01 1.0893699823711700E+01 1294.2449143548563
1.0895857919624101E+01 1.0897402525239700E+01 1.0898550256003899E+01 1294.056253126903
1.0898117247335300E+01 1.0898095302603799E+01 1.0898032317925299E+01 1294.3453530643444
1.0899244189076301E+01 1.0893457313140001E+01 1.0900992541449300E+01 1294.27976427342
1.0896678087124300E+01 1.0895409403182800E+01 1.0901659392374199E+01 1294.2860902603584
1.0899654345525100E+01 1.0893649897476800E+01 1.0899845843053299E+01 1294.215196899693
1.0897251664074100E+01 1.0897361708088701E+01 1.0897447300049800E+01 1294.0859573618616
1.0895820763578399E+01 1.0896069320644600E+01 1.0902456545719501E+01 1294.3572850467904
1.0897668336398601E+01 1.0897515442317300E+01 1.0897548273199300E+01 1294.165686927047
1.0898922761907400E+01 1.0898327811935800E+01 1.0897236819364601E+01 1294.3741496257546
1.0897048377716599E+01 1.0895029619034700E+01 1.0901002803586000E+01 1294.2070032213524
1.0894839792897800E+01 1.0897917440980299E+01 1.0903832481385800E+01 1294.623638688187
1.0899179636557401E+01 1.0897937541554199E+01 1.0897937701628001E+01 1294.4415535039006
1.0899502538394000E+01 1.0899501514988600E+01 1.0894543806851100E+01 1294.2624832074043
1.0900557779986000E+01 1.0893638154994299E+01 1.0902313609540400E+01 1294.6141139286292
1.0899655317350099E+01 1.0898462435784900E+01 1.0895233715086500E+01 1294.2391915010026
1.0898583280179198E+01 1.0896577035015500E+01 1.0897654673860400E+01 1294.1755254184984
1.0899199242211900E+01 1.0897282934122700E+01 1.0895897412147201E+01 1294.1237999246227
1.0895818572555500E+01 1.0898684536497500E+01 1.0898684546828802E+01 1294.2197641605355
1.0898099416335199E+01 1.0898063859352900E+01 1.0898571388003299E+01 1294.4035252426838
1.0897852833298799E+01 1.0899481815847601E+01 1.0897890248629601E+01 1294.4617435232428
1.0898505653634400E+01 1.0898127469546900E+01 1.0898127463126899E+01 1294.4066044746671
1.0895067994563300E+01 1.0895068005317500E+01 1.0904670193415701E+01 1294.4116869495722
1.0895052605504500E+01 1.0894746132308502E+01 1.0902632764135900E+01 1294.1297773912659
1.0896391593023599E+01 1.0896599398689702E+01 1.0901058522639200E+01 1294.3220756952087
1.0897364399588700E+01 1.0895862174606901E+01 1.0897650032998300E+01 1293.945342045577
1.0898053773633901E+01 1.0898748215229499E+01 1.0898698645399600E+01 1294.4945022718496
1.0896930390697200E+01 1.0898674698400400E+01 1.0898674583667299E+01 1294.3494757521742
1.0896579330075600E+01 1.0896579341944200E+01 1.0899140788983400E+01 1294.1142905637796
1.0899201436107999E+01 1.0899201624289701E+01 1.0896757141283500E+01 1294.4540469562942
1.0898874283036699E+01 1.0897515744466700E+01 1.0897515749051200E+01 1294.305073540148
1.0901255459809001E+01 1.0895501722040200E+01 1.0895533208314300E+01 1294.113117610238
