-67812.762956
-67812.806794
-67812.779045
-67812.760044
-67812.791096
-67812.776693
-67812.786883
-67812.808266
-67812.815657
-67812.809768
-67812.799676
-67812.758436
-67812.761318
-67812.804336
-67812.814207
-67812.826112
-67812.758729
-67812.757304
-67812.775665
-67812.769414
-67812.794877
-67812.778496
-67812.788101
-67812.786959
-67812.778022
-67812.791646
-67812.818610
-67812.839255
-67812.835861
-67812.848810
-67812.841790
-67812.838734
-67812.817906
-67812.757995
-67812.776495
-67812.794965
-67812.788962
-67812.826544
-67812.805761
-67812.806158
-67812.827908
-67812.810067
-67812.846002
-67812.807587
-67812.788584
-67812.785349
-67812.801439
-67812.827127
-67812.795517
-67812.835464
-67812.815851
-67812.846222
-67812.856838
-67812.819052
-67812.827436
-67812.841617
-67812.856153
-67812.812778
-67812.860089
-67812.838287
-67812.848292
-67812.805179
-67812.857250
-67812.814552
-67812.796916
-67812.810485
-67812.830630
-67812.827199
-67812.873385
-67812.872065
-67812.889361
-67812.869151
-67812.775175
-67812.805721
-67812.845958
-67812.860697
-67812.854951
-67812.876627
-67812.898352
-67812.801202
-67812.891188
-67812.845580
