           9 substitutions in          16 sites
          82 configurations
     1     16    8    9   10   11   12   13   14   15   16
     2     96    7    9   10   11   12   13   14   15   16
     3    192    7    8   10   11   12   13   14   15   16
     4    192    7    8    9   10   12   13   14   15   16
     5    192    7    8    9   10   11   12   14   15   16
     6    192    7    8    9   10   11   12   13   15   16
     7    192    6    7   10   11   12   13   14   15   16
     8    192    6    7    9   11   12   13   14   15   16
     9     96    6    7    9   10   11   12   14   15   16
    10     64    6    7    9   10   11   12   13   15   16
    11    192    6    7    9   10   11   12   13   14   15
    12     32    6    7    8   10   12   13   14   15   16
    13     96    6    7    8    9   10   11   13   14   16
    14    192    4    7   10   11   12   13   14   15   16
    15     96    4    7    9   10   11   12   14   15   16
    16     96    4    7    9   10   11   12   13   15   16
    17     96    4    7    8   11   12   13   14   15   16
    18     96    4    7    8   10   12   13   14   15   16
    19     96    4    7    8   10   11   13   14   15   16
    20     96    4    7    8   10   11   12   14   15   16
    21    192    4    7    8   10   11   12   13   15   16
    22    192    4    7    8   10   11   12   13   14   16
    23    192    4    7    8   10   11   12   13   14   15
    24    192    4    7    8    9   10   11   12   15   16
    25     48    4    7    8    9   10   11   12   14   15
    26     48    4    7    8    9   10   11   12   13   16
    27    192    4    6    9   11   12   13   14   15   16
    28    192    4    6    9   10   12   13   14   15   16
    29    192    4    6    9   10   11   13   14   15   16
    30     96    4    6    9   10   11   12   14   15   16
    31    192    4    6    9   10   11   12   13   15   16
    32    192    4    6    9   10   11   12   13   14   16
    33    192    4    6    9   10   11   12   13   14   15
    34     96    4    6    8   11   12   13   14   15   16
    35     96    4    6    8   10   12   13   14   15   16
    36    192    4    6    8   10   11   13   14   15   16
    37     96    4    6    8   10   11   12   13   14   15
    38    192    4    6    8    9   12   13   14   15   16
    39    192    4    6    8    9   11   13   14   15   16
    40     96    4    6    8    9   11   12   13   14   16
    41    192    4    6    8    9   10   13   14   15   16
    42     96    4    6    8    9   10   12   13   14   15
    43     96    4    6    8    9   10   11   13   15   16
    44     96    4    6    8    9   10   11   13   14   15
    45    192    4    6    7   11   12   13   14   15   16
    46    192    4    6    7   10   12   13   14   15   16
    47     96    4    6    7   10   11   13   14   15   16
    48    192    4    6    7   10   11   12   13   15   16
    49    192    4    6    7   10   11   12   13   14   15
    50    192    4    6    7    9   12   13   14   15   16
    51    192    4    6    7    9   11   13   14   15   16
    52    192    4    6    7    9   11   12   14   15   16
    53    192    4    6    7    9   11   12   13   14   16
    54     96    4    6    7    9   10   13   14   15   16
    55    192    4    6    7    9   10   12   14   15   16
    56    192    4    6    7    9   10   12   13   15   16
    57    192    4    6    7    9   10   12   13   14   16
    58     96    4    6    7    9   10   12   13   14   15
    59    192    4    6    7    9   10   11   13   15   16
    60    192    4    6    7    9   10   11   13   14   16
    61    192    4    6    7    9   10   11   12   15   16
    62    192    4    6    7    9   10   11   12   14   15
    63    192    4    6    7    9   10   11   12   13   16
    64     96    4    6    7    9   10   11   12   13   14
    65     96    4    6    7    8   10   12   13   15   16
    66    192    4    6    7    8    9   11   13   14   16
    67    192    4    6    7    8    9   10   13   15   16
    68    192    4    6    7    8    9   10   12   13   16
    69     48    4    5    6    9   10   13   14   15   16
    70     96    4    5    6    9   10   12   13   15   16
    71    192    4    5    6    9   10   12   13   14   16
    72     96    4    5    6    9   10   11   12   13   16
    73     48    3    4    6    7   10   12   14   15   16
    74     96    3    4    6    7   10   12   13   15   16
    75     96    3    4    6    7   10   11   14   15   16
    76    192    3    4    6    7   10   11   13   15   16
    77     96    3    4    6    7   10   11   12   13   16
    78     48    3    4    6    7    9   11   14   15   16
    79     96    3    4    6    7    9   11   12   14   16
    80     32    3    4    6    7    8   12   13   14   16
    81     96    3    4    5    7   10   11   13   15   16
    82     16    3    4    5    7    9   12   13   14   16
