-660.5988423492945 -657.6256465709585 -657.6256068065022 -657.6254166790382 -657.6248018261886 -660.5987149931061 -657.6258384151943 -657.6259018961314 -660.5986852812562 
-657.0545075370992 -658.6647300213854 -658.6650151314552 -657.0587083206883 -657.057973445174 -660.0813524418081 -651.7509234993531 -651.7502940982522 -660.0864833551873 
-656.2391995091584 -660.8269867371873 -659.2300948640304 -656.5902676571836 -657.9595755324553 -659.2307862549214 -659.5742322450542 -658.0868806216104 -651.4056181787291 
-658.5405515403286 -660.2644888332175 -658.5271075151154 -658.9250172907809 -656.5106512364791 -658.6167292670907 -657.9015590700528 -659.2450435712849 -660.0458303522691 
-657.8214997536388 -661.2437170041758 -658.1414183601719 -652.0697737237497 -655.6653995540055 -659.6660560227847 -658.1642630034785 -657.7942721722497 -660.0034018447418 
-656.3548500958213 -653.7255107504325 -660.1724806841712 -658.9728358798584 -657.3930156949182 -658.245468707235 -659.349535400906 -657.137636632543 -659.0913258751384 
-660.2160879442845 -656.6651111677502 -658.6837023173648 -656.9304455027004 -658.4022821761114 -658.511266039478 -652.6467013311758 -658.653994641104 -658.5399605845555 
-657.9020815576296 -657.1778435305023 -656.7311203198824 -658.2765209444933 -656.2541664226119 -650.9108500684993 -651.6240467219627 -661.0537958723962 -658.0031054623596 
-658.6326638601358 -658.632826764232 -656.2705524775774 -651.4877370303507 -656.2709853093124 -659.1351779612469 -651.4875643428004 -659.1356918091838 -658.6862628714916 
-659.0587536744838 -657.4183015762574 -658.5759450173477 -659.1829405940734 -657.5470759171922 -658.9843086701749 -658.9985025819633 -658.6390280871765 -657.8436781879218 
-659.3941249058148 -658.0643297827874 -658.458099275379 -658.0803169460887 -659.2073054722418 -656.4595012175969 -659.7077644775068 -650.9322421305019 -658.2344508169381 
-658.1011144873264 -658.1040258732205 -658.114763456269 -659.2977856739899 -658.2351045272494 -658.1122796092022 -659.2978483389643 -658.2407290451092 -659.3392412528892 
-659.3105726389108 -659.3110998432339 -659.3867117194204 -657.067455968308 -659.6789144814497 -657.0679714819103 -659.386665145682 -659.6788923442796 -656.4056606254408 
-659.0059383601761 -657.2599101906944 -657.0758320640434 -657.6141156632561 -658.092146087226 -657.1327069500703 -653.2522612298235 -651.2825028020993 -658.3282869651503 
-659.2024488097604 -659.2029966011951 -656.6745395370463 -660.0203639264118 -656.6742449636813 -660.0203505429013 -651.4340117920674 -651.4337005894895 -658.9122518035265 
-657.2975373026288 -657.2979046695718 -659.8625483218611 -658.0783689452937 -658.0786820631592 -659.8627461371921 -657.4718850479667 -650.7527403158065 -657.472452229958 
-660.1582293675419 -657.0514318912401 -660.2654159488916 -659.6099023543102 -659.6096646694928 -658.2508632392291 -659.7730173669875 -659.7733491720928 -658.251404083534 
-658.6162136539929 -658.6166715957452 -660.3404483524023 -658.5258380409791 -658.5259567811222 -657.2411037249294 -659.9788677473134 -659.9793623646815 -660.166681445754 
-658.6949174717911 -658.6949882574804 -660.5477348074373 -657.1289044062551 -657.129009181655 -658.6946846046112 -652.9149171468812 -658.3837582678989 -658.6951806019488 
-659.6715569407534 -658.0129790470974 -660.693265860139 -659.3669383392494 -655.6280398744657 -660.0724195433195 -659.8415371262122 -658.2437325603328 -659.303210008954 
-657.8829672016445 -655.9176004463097 -653.3898273716036 -658.1703799184429 -658.1302537708825 -651.1856645949247 -657.7759717452823 -657.1727696601756 -659.3702598743421 
-657.9670215711776 -655.9022876664599 -652.3831790690488 -658.5368702917986 -659.3455237606536 -658.156531402175 -656.8578847927511 -658.9202222085787 -658.4950701213106 
-650.5833451106114 -658.1032421384766 -660.463568247159 -655.5723354504985 -659.1281469666174 -657.5314565667372 -657.202627055643 -660.0716925476627 -658.2982596510624 
-658.2256277522438 -657.7521710408673 -653.2787705932196 -657.41136134731 -660.4484115615701 -656.3595385581511 -661.4027012842616 -657.2165419778521 -658.5394456394979 
-659.8492852383456 -659.8496343717375 -661.4007341876477 -658.6880752200059 -658.6860986322654 -658.6881481205437 -658.6858122877074 -658.3985284443529 -658.3989126222077 
-655.8860738512822 -655.8867151012046 -645.8163603433622 -659.32968158105 -659.3294952162832 -659.3302270598588 -659.3297408704539 -657.6348653320256 -657.635796814363 
-648.8326923829463 -648.800613483203 -647.3509878290342 -660.4304404855061 -658.2189016382899 -661.3303530253934 -651.8997665637926 -660.6314987669498 -649.7679455827306 
-647.283325312415 -648.5456995997201 -647.6564119358018 -658.5401003024976 -658.322634982801 -660.1513226125167 -651.6526511004117 -661.2190108900259 -642.5755073545597 
-647.6445249662479 -648.9719950740978 -649.3158254532791 -656.7455652972162 -659.7698871306197 -652.6838137812133 -654.0110973540914 -659.7706396155368 -650.8571139932255 
-648.8509310311056 -648.8512255641249 -647.0626645069169 -659.0423946274068 -660.218211361972 -651.3845908483472 -651.3847130386976 -659.0422823880854 -651.6478622426484 
-647.1699777984959 -649.0402741642351 -649.3057341861017 -657.2717655244687 -660.0733263383536 -660.4791860324212 -659.595518519086 -658.5128265440444 -649.900708586245 
-647.7031214178796 -641.5238678520773 -647.6661673445556 -658.3983103400224 -661.0634742992852 -658.523207793176 -659.6822835240719 -651.2515450051014 -649.0786442021922 
-656.3089064674782 -657.713624393884 -658.1282368645543 -655.9640450563984 -652.4451561385713 -657.9588018250738 -661.0433677043093 -650.9550743267114 -658.3096053571371 
-658.241471905264 -658.2537036967351 -658.3585031362563 -661.7727152959187 -660.7230455554254 -659.685898530367 -659.7783859107885 -657.5391681990404 -657.5267704840171 
-657.1205547291934 -657.1192175765473 -659.0932292877201 -658.1435792039006 -660.4163345774245 -659.0949677604613 -660.4163673447106 -658.1439997695852 -651.0172758605909 
-656.9669437572784 -656.2456639696716 -658.8488728866719 -655.4526306235366 -660.5337958141799 -651.5682284858117 -652.8916720732532 -656.7870900431913 -658.9689612619677 
-658.2600920851269 -658.2594718086493 -659.6360219387034 -655.7455684232095 -652.0410590877673 -659.8766048135813 -659.635781832073 -659.87655004104 -655.7459469347677 
-649.112572668862 -647.1597900541938 -659.9496973813489 -648.2332634092545 -658.9592899056474 -661.5503147467107 -659.2422657294605 -651.0122978363229 -642.3222552783236 
-648.3947551276283 -648.3805056832252 -659.4868995393208 -650.5374393162792 -660.9482242272043 -653.6792605470227 -660.3992001500501 -658.5850812601234 -649.1083570928326 
-649.1929746109777 -649.1927112798944 -661.5642212401199 -649.009539070752 -653.5115051831717 -658.9086004945889 -661.5643404966477 -658.908571110328 -649.1919015763906 
-647.2405220509172 -647.838735852783 -659.7386248279508 -651.205016968358 -658.6011077540297 -652.18424566147 -660.6619108060436 -658.8850710843358 -642.2227382218225 
-656.7201709594647 -656.7201760241728 -660.9316317783132 -658.7384850725739 -657.9513482980592 -658.9098234361227 -660.9316575534281 -658.909721365636 -657.951396687216 
-646.3044176802823 -646.3044201533548 -652.6249099218508 -642.7504289813241 -656.2652669001827 -660.4195401439683 -652.6245215403587 -656.2651635852503 -650.2874691562247 
-656.1063533718889 -655.5482946783422 -660.2988610236093 -660.3027757477994 -654.9474851214541 -652.632087060821 -652.5030114492074 -659.7808259563726 -655.9630747545834 
-658.1742113813298 -659.002245348297 -656.6366498694788 -659.0606060411842 -658.2470349729092 -656.8576713342081 -652.7646137506927 -659.7910360512665 -655.9675363475662 
-657.3485206588916 -658.3775283707746 -658.8277420024183 -657.9716193388917 -658.4995679560066 -656.956432859547 -652.8462015939813 -660.5602544801095 -658.529995357273 
-657.5833454860185 -658.1671381678952 -659.050034641723 -656.619737213066 -658.1818428207171 -658.5828279485622 -645.8320724168643 -659.0421682097776 -657.5744657719861 
-656.0849103240503 -659.39170475638 -656.0989006079644 -657.656381919116 -659.3790141216609 -651.77570656241 -656.9198862545845 -658.1661774728746 -658.0805089458827 
-658.690684327129 -660.1805659420661 -658.6125390448115 -656.2700479471296 -660.2702225423945 -658.7518780082901 -658.1498563964615 -652.8615183078264 -659.1535157360895 
-649.7332431201894 -648.3551160297284 -659.5926771306304 -648.1717978351239 -657.3033083892929 -658.9583826045669 -651.7975250035811 -653.8400852977607 -649.1394802088953 
-649.5054217826414 -650.5518983241209 -659.5643233832143 -648.7012371356227 -658.7973222466471 -660.9109147397367 -653.4155377172028 -660.9815503476912 -648.2870286610714 
-641.9737279907745 -649.0523814235439 -659.3881786360662 -647.2291138129071 -658.8819610353339 -658.8864274318894 -651.9013505911475 -661.184338781617 -648.0529154550295 
-649.2306009473496 -642.3480081360603 -656.8078411190395 -648.1424307138104 -652.252667997303 -657.7310326321308 -659.7315107101531 -651.4112184049441 -647.2563215370969 
-647.9846866811413 -648.487848495467 -660.869865500963 -649.5561960463438 -657.9505183663605 -658.3957148744935 -653.1290717722982 -660.7210843676885 -648.962437991243 
-649.3737404467861 -648.5212303178118 -660.6097598022407 -647.1783198132866 -660.5576026091958 -658.9879138227207 -651.3204947706213 -661.1636993086395 -650.1841878513437 
-647.4276108691952 -649.3335990398732 -659.4560445604739 -651.3431774705195 -658.9645289951968 -659.1721285342969 -657.2370096129662 -661.0958260221723 -649.1476430256657 
-647.0842635577947 -642.1869784914134 -658.8419808917633 -648.6802224376161 -651.677475432592 -657.713874671128 -657.5536833546171 -651.5825543829992 -649.4836298418231 
-657.9047756924206 -658.3564052519396 -651.0874391140223 -659.0017590036459 -658.2281341373437 -656.8994710534985 -659.0719548067727 -651.1177915613489 -661.1774723328908 
-647.0766689396542 -649.2609621289735 -658.9920186866166 -642.4915679447254 -657.7805442211456 -658.8140886022202 -660.032255943227 -658.9523224828476 -648.5933504352597 
-647.6011347113617 -642.2794010858934 -659.3364173546743 -648.5706668608782 -659.3346129265683 -659.5443686013396 -658.5722143997627 -653.6249834842947 -647.1256287076112 
-649.1994774819955 -649.7828631465436 -659.0657760298873 -649.569339850209 -660.089376407188 -658.3817564476549 -661.7618441778368 -658.7022459912014 -649.5885064001191 
-659.1048635016832 -657.8373684181151 -660.3918632345808 -658.0375410473725 -658.5183499286791 -659.5395896652981 -659.0914054991681 -651.0758403533109 -658.9650903022193 
-647.5020910052676 -642.9046980290764 -657.6440411708077 -650.6084093853988 -660.2796998973181 -660.6168213293527 -660.251748223483 -657.771322795857 -647.7538711397133 
-656.916158305426 -650.5959527068144 -658.4029220905973 -658.3496531863088 -658.4024996915523 -662.1631618475085 -656.916591105809 -658.9796920872122 -650.5960979787251 
-656.3152906704327 -657.1351261557475 -658.1884377194342 -651.1985627430909 -658.4318718956524 -651.2480902991674 -657.3608900901072 -658.2503827344003 -658.5874014004089 
-648.6790497506167 -650.092501881019 -658.5151087871159 -660.487458000357 -649.5532265781121 -651.3638966288268 -660.7857282245186 -660.0863303421647 -646.9725036543782 
-646.7369983924036 -646.606046065418 -660.4452828031717 -651.4169164506975 -643.900684997293 -658.6473760753588 -659.0956815577692 -658.4700464506186 -648.8649874049238 
-646.6745980433952 -648.6853255640272 -658.5561714360028 -653.4015687366464 -650.7967256175052 -651.1920037004938 -659.1855830499826 -657.6566860251655 -649.2612774466393 
-638.3830598716313 -649.1407848684994 -649.1410673435398 -649.1411841773115 -649.1407575623234 -642.9644613314922 -661.3782218758497 -661.3779716634208 -642.9640565535838 
-638.3356209199264 -642.3825942958747 -649.5248783698207 -649.4988709957047 -649.4611032368807 -660.6162134498672 -649.7635639975192 -661.4232779634058 -642.4149591527307 
-637.9256827746485 -649.3464702566998 -642.5502400323694 -647.5803691586416 -642.2364476693565 -659.878063596876 -650.8663584682299 -659.7075369813447 -642.8207866803855 
-638.5844983116413 -642.312549176002 -642.3121432804201 -649.5637527523877 -649.5635292173097 -661.0146452211952 -661.0141311099978 -649.5035101774347 -649.5039476684433 
-658.296471044559 -658.2967526341145 -658.2968431763356 -658.2968560004447 -660.1999355535495 -660.1998971773692 -660.199917161342 -660.2003145216254 -657.4566664563604 
-651.2454821689789 -656.0054066769912 -658.982865622268 -656.5293190392968 -658.9826987954834 -651.2453469640623 -656.3185482027156 -660.3022691499873 -656.3194386440255 
-648.3621759499656 -659.5633188879237 -658.3003506424084 -641.4358882007978 -658.2473019362747 -647.9450067145331 -653.9285530579432 -659.4985165975713 -648.062913160807 
-641.26561909877 -656.6175291276259 -659.0315643639037 -648.2802956588048 -657.3442790173153 -649.1708677216375 -659.6779123654155 -658.786409367458 -648.8122496876563 
-642.660426438797 -656.9912818287348 -652.6814412212416 -646.7033885602214 -659.9283428408157 -650.9226231847651 -652.2919948141184 -657.0588392785576 -646.9200730937914 
-649.5841532506997 -642.4622597877656 -649.5843996477251 -642.4618625579906 -649.5843527827792 -649.5843700717387 -661.8306960601258 -661.8310316442312 -638.9910214139863 
-649.3573453958797 -642.1988391708651 -642.1993404604541 -649.3579370024399 -649.0517232256398 -643.4763420120953 -659.2422469167732 -659.2426567730708 -639.3222134317198 
-656.0603602769452 -659.1508956756802 -659.1506018891805 -656.060735661596 -659.2506796666275 -658.6599462822373 -659.2505461059936 -658.6598700486984 -656.2655024142568 
-649.6632268046483 -649.9244858950674 -649.6638212086973 -649.9242751696233 -647.5329431737332 -647.5336944174737 -650.3702298021581 -652.4222644257661 -650.3712578980385 
-658.4351176922901 -656.5103280922353 -658.4358733509794 -656.5101162005117 -658.4351665950844 -658.4344737550432 -659.3831695654094 -656.7198414256918 -659.3830548161382 
