   14.4000     14.4000     14.4000     90.0000     90.0000     90.0000
          64          64         192
La     0.0000000    0.0000000    0.0000000
La     0.0000000    0.0000000    0.2500000
La     0.0000000    0.0000000    0.5000000
La     0.0000000    0.0000000    0.7500000
La     0.0000000    0.2500000    0.0000000
La     0.0000000    0.2500000    0.2500000
La     0.0000000    0.2500000    0.5000000
La     0.0000000    0.2500000    0.7500000
La     0.0000000    0.5000000    0.0000000
La     0.0000000    0.5000000    0.2500000
La     0.0000000    0.5000000    0.5000000
La     0.0000000    0.5000000    0.7500000
La     0.0000000    0.7500000    0.0000000
La     0.0000000    0.7500000    0.2500000
La     0.0000000    0.7500000    0.5000000
La     0.0000000    0.7500000    0.7500000
La     0.2500000    0.0000000    0.0000000
La     0.2500000    0.0000000    0.2500000
La     0.2500000    0.0000000    0.5000000
La     0.2500000    0.0000000    0.7500000
La     0.2500000    0.2500000    0.0000000
La     0.2500000    0.2500000    0.2500000
La     0.2500000    0.2500000    0.5000000
La     0.2500000    0.2500000    0.7500000
La     0.2500000    0.5000000    0.0000000
La     0.2500000    0.5000000    0.2500000
La     0.2500000    0.5000000    0.5000000
La     0.2500000    0.5000000    0.7500000
La     0.2500000    0.7500000    0.0000000
La     0.2500000    0.7500000    0.2500000
La     0.2500000    0.7500000    0.5000000
La     0.2500000    0.7500000    0.7500000
La     0.5000000    0.0000000    0.0000000
La     0.5000000    0.0000000    0.2500000
La     0.5000000    0.0000000    0.5000000
La     0.5000000    0.0000000    0.7500000
La     0.5000000    0.2500000    0.0000000
La     0.5000000    0.2500000    0.2500000
La     0.5000000    0.2500000    0.5000000
La     0.5000000    0.2500000    0.7500000
La     0.5000000    0.5000000    0.0000000
La     0.5000000    0.5000000    0.2500000
La     0.5000000    0.5000000    0.5000000
La     0.5000000    0.5000000    0.7500000
La     0.5000000    0.7500000    0.0000000
La     0.5000000    0.7500000    0.2500000
La     0.5000000    0.7500000    0.5000000
La     0.5000000    0.7500000    0.7500000
La     0.7500000    0.0000000    0.0000000
La     0.7500000    0.0000000    0.2500000
La     0.7500000    0.0000000    0.5000000
La     0.7500000    0.0000000    0.7500000
La     0.7500000    0.2500000    0.0000000
La     0.7500000    0.2500000    0.2500000
La     0.7500000    0.2500000    0.5000000
La     0.7500000    0.2500000    0.7500000
La     0.7500000    0.5000000    0.0000000
La     0.7500000    0.5000000    0.2500000
La     0.7500000    0.5000000    0.5000000
La     0.7500000    0.5000000    0.7500000
La     0.7500000    0.7500000    0.0000000
La     0.7500000    0.7500000    0.2500000
La     0.7500000    0.7500000    0.5000000
La     0.7500000    0.7500000    0.7500000
Al     0.1250000    0.1250000    0.1250000
Al     0.1250000    0.1250000    0.3750000
Al     0.1250000    0.1250000    0.6250000
Al     0.1250000    0.1250000    0.8750000
Al     0.1250000    0.3750000    0.1250000
Al     0.1250000    0.3750000    0.3750000
Al     0.1250000    0.3750000    0.6250000
Al     0.1250000    0.3750000    0.8750000
Al     0.1250000    0.6250000    0.1250000
Al     0.1250000    0.6250000    0.3750000
Al     0.1250000    0.6250000    0.6250000
Al     0.1250000    0.6250000    0.8750000
Al     0.1250000    0.8750000    0.1250000
Al     0.1250000    0.8750000    0.3750000
Al     0.1250000    0.8750000    0.6250000
Al     0.1250000    0.8750000    0.8750000
Al     0.3750000    0.1250000    0.1250000
Al     0.3750000    0.1250000    0.3750000
Al     0.3750000    0.1250000    0.6250000
Al     0.3750000    0.1250000    0.8750000
Al     0.3750000    0.3750000    0.1250000
Al     0.3750000    0.3750000    0.3750000
Al     0.3750000    0.3750000    0.6250000
Al     0.3750000    0.3750000    0.8750000
Al     0.3750000    0.6250000    0.1250000
Al     0.3750000    0.6250000    0.3750000
Al     0.3750000    0.6250000    0.6250000
Al     0.3750000    0.6250000    0.8750000
Al     0.3750000    0.8750000    0.1250000
Al     0.3750000    0.8750000    0.3750000
Al     0.3750000    0.8750000    0.6250000
Al     0.3750000    0.8750000    0.8750000
Al     0.6250000    0.1250000    0.1250000
Al     0.6250000    0.1250000    0.3750000
Al     0.6250000    0.1250000    0.6250000
Al     0.6250000    0.1250000    0.8750000
Al     0.6250000    0.3750000    0.1250000
Al     0.6250000    0.3750000    0.3750000
Al     0.6250000    0.3750000    0.6250000
Al     0.6250000    0.3750000    0.8750000
Al     0.6250000    0.6250000    0.1250000
Al     0.6250000    0.6250000    0.3750000
Al     0.6250000    0.6250000    0.6250000
Al     0.6250000    0.6250000    0.8750000
Al     0.6250000    0.8750000    0.1250000
Al     0.6250000    0.8750000    0.3750000
Al     0.6250000    0.8750000    0.6250000
Al     0.6250000    0.8750000    0.8750000
Al     0.8750000    0.1250000    0.1250000
Al     0.8750000    0.1250000    0.3750000
Al     0.8750000    0.1250000    0.6250000
Al     0.8750000    0.1250000    0.8750000
Al     0.8750000    0.3750000    0.1250000
Al     0.8750000    0.3750000    0.3750000
Al     0.8750000    0.3750000    0.6250000
Al     0.8750000    0.3750000    0.8750000
Al     0.8750000    0.6250000    0.1250000
Al     0.8750000    0.6250000    0.3750000
Al     0.8750000    0.6250000    0.6250000
Al     0.8750000    0.6250000    0.8750000
Al     0.8750000    0.8750000    0.1250000
Al     0.8750000    0.8750000    0.3750000
Al     0.8750000    0.8750000    0.6250000
Al     0.8750000    0.8750000    0.8750000
O      0.1250000    0.1250000    0.0000000
O      0.1250000    0.1250000    0.2500000
O      0.1250000    0.1250000    0.5000000
O      0.1250000    0.1250000    0.7500000
O      0.1250000    0.3750000    0.0000000
O      0.1250000    0.3750000    0.2500000
O      0.1250000    0.3750000    0.5000000
O      0.1250000    0.3750000    0.7500000
O      0.1250000    0.6250000    0.0000000
O      0.1250000    0.6250000    0.2500000
O      0.1250000    0.6250000    0.5000000
O      0.1250000    0.6250000    0.7500000
O      0.1250000    0.8750000    0.0000000
O      0.1250000    0.8750000    0.2500000
O      0.1250000    0.8750000    0.5000000
O      0.1250000    0.8750000    0.7500000
O      0.3750000    0.1250000    0.0000000
O      0.3750000    0.1250000    0.2500000
O      0.3750000    0.1250000    0.5000000
O      0.3750000    0.1250000    0.7500000
O      0.3750000    0.3750000    0.0000000
O      0.3750000    0.3750000    0.2500000
O      0.3750000    0.3750000    0.5000000
O      0.3750000    0.3750000    0.7500000
O      0.3750000    0.6250000    0.0000000
O      0.3750000    0.6250000    0.2500000
O      0.3750000    0.6250000    0.5000000
O      0.3750000    0.6250000    0.7500000
O      0.3750000    0.8750000    0.0000000
O      0.3750000    0.8750000    0.2500000
O      0.3750000    0.8750000    0.5000000
O      0.3750000    0.8750000    0.7500000
O      0.6250000    0.1250000    0.0000000
O      0.6250000    0.1250000    0.2500000
O      0.6250000    0.1250000    0.5000000
O      0.6250000    0.1250000    0.7500000
O      0.6250000    0.3750000    0.0000000
O      0.6250000    0.3750000    0.2500000
O      0.6250000    0.3750000    0.5000000
O      0.6250000    0.3750000    0.7500000
O      0.6250000    0.6250000    0.0000000
O      0.6250000    0.6250000    0.2500000
O      0.6250000    0.6250000    0.5000000
O      0.6250000    0.6250000    0.7500000
O      0.6250000    0.8750000    0.0000000
O      0.6250000    0.8750000    0.2500000
O      0.6250000    0.8750000    0.5000000
O      0.6250000    0.8750000    0.7500000
O      0.8750000    0.1250000    0.0000000
O      0.8750000    0.1250000    0.2500000
O      0.8750000    0.1250000    0.5000000
O      0.8750000    0.1250000    0.7500000
O      0.8750000    0.3750000    0.0000000
O      0.8750000    0.3750000    0.2500000
O      0.8750000    0.3750000    0.5000000
O      0.8750000    0.3750000    0.7500000
O      0.8750000    0.6250000    0.0000000
O      0.8750000    0.6250000    0.2500000
O      0.8750000    0.6250000    0.5000000
O      0.8750000    0.6250000    0.7500000
O      0.8750000    0.8750000    0.0000000
O      0.8750000    0.8750000    0.2500000
O      0.8750000    0.8750000    0.5000000
O      0.8750000    0.8750000    0.7500000
O      0.0000000    0.1250000    0.1250000
O      0.0000000    0.1250000    0.3750000
O      0.0000000    0.1250000    0.6250000
O      0.0000000    0.1250000    0.8750000
O      0.0000000    0.3750000    0.1250000
O      0.0000000    0.3750000    0.3750000
O      0.0000000    0.3750000    0.6250000
O      0.0000000    0.3750000    0.8750000
O      0.0000000    0.6250000    0.1250000
O      0.0000000    0.6250000    0.3750000
O      0.0000000    0.6250000    0.6250000
O      0.0000000    0.6250000    0.8750000
O      0.0000000    0.8750000    0.1250000
O      0.0000000    0.8750000    0.3750000
O      0.0000000    0.8750000    0.6250000
O      0.0000000    0.8750000    0.8750000
O      0.2500000    0.1250000    0.1250000
O      0.2500000    0.1250000    0.3750000
O      0.2500000    0.1250000    0.6250000
O      0.2500000    0.1250000    0.8750000
O      0.2500000    0.3750000    0.1250000
O      0.2500000    0.3750000    0.3750000
O      0.2500000    0.3750000    0.6250000
O      0.2500000    0.3750000    0.8750000
O      0.2500000    0.6250000    0.1250000
O      0.2500000    0.6250000    0.3750000
O      0.2500000    0.6250000    0.6250000
O      0.2500000    0.6250000    0.8750000
O      0.2500000    0.8750000    0.1250000
O      0.2500000    0.8750000    0.3750000
O      0.2500000    0.8750000    0.6250000
O      0.2500000    0.8750000    0.8750000
O      0.5000000    0.1250000    0.1250000
O      0.5000000    0.1250000    0.3750000
O      0.5000000    0.1250000    0.6250000
O      0.5000000    0.1250000    0.8750000
O      0.5000000    0.3750000    0.1250000
O      0.5000000    0.3750000    0.3750000
O      0.5000000    0.3750000    0.6250000
O      0.5000000    0.3750000    0.8750000
O      0.5000000    0.6250000    0.1250000
O      0.5000000    0.6250000    0.3750000
O      0.5000000    0.6250000    0.6250000
O      0.5000000    0.6250000    0.8750000
O      0.5000000    0.8750000    0.1250000
O      0.5000000    0.8750000    0.3750000
O      0.5000000    0.8750000    0.6250000
O      0.5000000    0.8750000    0.8750000
O      0.7500000    0.1250000    0.1250000
O      0.7500000    0.1250000    0.3750000
O      0.7500000    0.1250000    0.6250000
O      0.7500000    0.1250000    0.8750000
O      0.7500000    0.3750000    0.1250000
O      0.7500000    0.3750000    0.3750000
O      0.7500000    0.3750000    0.6250000
O      0.7500000    0.3750000    0.8750000
O      0.7500000    0.6250000    0.1250000
O      0.7500000    0.6250000    0.3750000
O      0.7500000    0.6250000    0.6250000
O      0.7500000    0.6250000    0.8750000
O      0.7500000    0.8750000    0.1250000
O      0.7500000    0.8750000    0.3750000
O      0.7500000    0.8750000    0.6250000
O      0.7500000    0.8750000    0.8750000
O      0.1250000    0.0000000    0.1250000
O      0.1250000    0.0000000    0.3750000
O      0.1250000    0.0000000    0.6250000
O      0.1250000    0.0000000    0.8750000
O      0.1250000    0.2500000    0.1250000
O      0.1250000    0.2500000    0.3750000
O      0.1250000    0.2500000    0.6250000
O      0.1250000    0.2500000    0.8750000
O      0.1250000    0.5000000    0.1250000
O      0.1250000    0.5000000    0.3750000
O      0.1250000    0.5000000    0.6250000
O      0.1250000    0.5000000    0.8750000
O      0.1250000    0.7500000    0.1250000
O      0.1250000    0.7500000    0.3750000
O      0.1250000    0.7500000    0.6250000
O      0.1250000    0.7500000    0.8750000
O      0.3750000    0.0000000    0.1250000
O      0.3750000    0.0000000    0.3750000
O      0.3750000    0.0000000    0.6250000
O      0.3750000    0.0000000    0.8750000
O      0.3750000    0.2500000    0.1250000
O      0.3750000    0.2500000    0.3750000
O      0.3750000    0.2500000    0.6250000
O      0.3750000    0.2500000    0.8750000
O      0.3750000    0.5000000    0.1250000
O      0.3750000    0.5000000    0.3750000
O      0.3750000    0.5000000    0.6250000
O      0.3750000    0.5000000    0.8750000
O      0.3750000    0.7500000    0.1250000
O      0.3750000    0.7500000    0.3750000
O      0.3750000    0.7500000    0.6250000
O      0.3750000    0.7500000    0.8750000
O      0.6250000    0.0000000    0.1250000
O      0.6250000    0.0000000    0.3750000
O      0.6250000    0.0000000    0.6250000
O      0.6250000    0.0000000    0.8750000
O      0.6250000    0.2500000    0.1250000
O      0.6250000    0.2500000    0.3750000
O      0.6250000    0.2500000    0.6250000
O      0.6250000    0.2500000    0.8750000
O      0.6250000    0.5000000    0.1250000
O      0.6250000    0.5000000    0.3750000
O      0.6250000    0.5000000    0.6250000
O      0.6250000    0.5000000    0.8750000
O      0.6250000    0.7500000    0.1250000
O      0.6250000    0.7500000    0.3750000
O      0.6250000    0.7500000    0.6250000
O      0.6250000    0.7500000    0.8750000
O      0.8750000    0.0000000    0.1250000
O      0.8750000    0.0000000    0.3750000
O      0.8750000    0.0000000    0.6250000
O      0.8750000    0.0000000    0.8750000
O      0.8750000    0.2500000    0.1250000
O      0.8750000    0.2500000    0.3750000
O      0.8750000    0.2500000    0.6250000
O      0.8750000    0.2500000    0.8750000
O      0.8750000    0.5000000    0.1250000
O      0.8750000    0.5000000    0.3750000
O      0.8750000    0.5000000    0.6250000
O      0.8750000    0.5000000    0.8750000
O      0.8750000    0.7500000    0.1250000
O      0.8750000    0.7500000    0.3750000
O      0.8750000    0.7500000    0.6250000
O      0.8750000    0.7500000    0.8750000
