4
1.0899600830306200E+01 1.0904503577762400E+01 1.0904625973196801E+01 1296.0664439519967
1.0901865889229500E+01 1.0901865927868300E+01 1.0906010305932400E+01 1296.1867440877945
1.0898383118362201E+01 1.0906802391423801E+01 1.0906802290807899E+01 1296.4535351077982
1.0899811954071300E+01 1.0905225434375801E+01 1.0905227248331601E+01 1296.248817795281
1.0903413308007700E+01 1.0903415479430100E+01 1.0907120835058601E+01 1296.6870118356126
1.0905648595892000E+01 1.0900713701353100E+01 1.0900714559217400E+01 1295.8698948155607
1.0902282303122400E+01 1.0903821854802100E+01 1.0903821853354300E+01 1296.2086587982915
1.0902171353294101E+01 1.0902524509283900E+01 1.0905566558071900E+01 1296.2486229011151
1.0903509232615900E+01 1.0903629995638299E+01 1.0902806638612200E+01 1296.2110257336362
1.0901913360884500E+01 1.0902062742004700E+01 1.0906021255580400E+01 1296.2170901616648
1.0902717637174600E+01 1.0903794962612700E+01 1.0902901193878600E+01 1296.1477712187093
1.0903599456171101E+01 1.0903520063971900E+01 1.0901109247785300E+01 1296.0068841187604
1.0901495390609799E+01 1.0904868494251900E+01 1.0903476421184800E+01 1296.1984472886018
1.0902718072286801E+01 1.0901429835304500E+01 1.0906076151472799E+01 1296.2440375588649
1.0906400818836500E+01 1.0896322248027699E+01 1.0906890009567499E+01 1296.1710773611808
1.0902458753963300E+01 1.0903771862449601E+01 1.0903925146936899E+01 1296.2359739388087
1.0903236279246499E+01 1.0901882874324800E+01 1.0904659572844301E+01 1296.1911369315096
1.0903247262162701E+01 1.0901910927764099E+01 1.0904642039244001E+01 1296.1936938894462
1.0901220242086600E+01 1.0904457193292700E+01 1.0904457193008600E+01 1296.2334303356618
1.0903918232921599E+01 1.0902852215125201E+01 1.0902852213217001E+01 1296.1726007184377
1.0907790109708202E+01 1.0899901774846700E+01 1.0902996377080299E+01 1296.2991152429458
1.0903442583912399E+01 1.0903796743940200E+01 1.0903091182296899E+01 1296.2567543420053
1.0905977691874400E+01 1.0902149977742001E+01 1.0902262854851200E+01 1296.2638387967656
1.0905049180723299E+01 1.0900452568347800E+01 1.0905465871091501E+01 1296.3324156547699
1.0905261285967001E+01 1.0902061057596899E+01 1.0902639487013900E+01 1296.2128939839517
1.0903959947201001E+01 1.0901254726784400E+01 1.0904908482905400E+01 1296.2320654507948
1.0904459785786299E+01 1.0903772677929201E+01 1.0903497474249100E+01 1296.4231312264217
1.0905175763150501E+01 1.0903805855509400E+01 1.0901059088386800E+01 1296.222254819909
1.0903731899136700E+01 1.0902546601769000E+01 1.0903818529608399E+01 1296.2289931451678
1.0905286349908097E+01 1.0901534965366899E+01 1.0903586098915000E+01 1296.2658599904134
1.0904912470120401E+01 1.0900404262109200E+01 1.0905056665334600E+01 1296.2617780670307
1.0904309257207499E+01 1.0901486293180200E+01 1.0904367379560901E+01 1296.2368034416136
1.0904199771452300E+01 1.0901744231567299E+01 1.0904509694749800E+01 1296.2713758930608
1.0904246450983800E+01 1.0902872781133500E+01 1.0902987257057500E+01 1296.2301167957971
1.0904685200438299E+01 1.0902536976035799E+01 1.0902733724911002E+01 1296.2122054396236
1.0906197644410799E+01 1.0907381308287800E+01 1.0898506700800001E+01 1296.46517403906
1.0907600280872700E+01 1.0899961838822300E+01 1.0903106046036100E+01 1296.2967376306042
1.0900910246375600E+01 1.0902485718762801E+01 1.0908673011882302E+01 1296.4632608823547
1.0904595993095599E+01 1.0903501509534999E+01 1.0901919451627201E+01 1296.2194591951516
1.0903342141955001E+01 1.0900685268737799E+01 1.0906823667515701E+01 1296.3185411321283
1.0904882921455100E+01 1.0901436506819900E+01 1.0903580993264500E+01 1296.2055922297889
1.0905164238202699E+01 1.0904977592533299E+01 1.0904264700816400E+01 1296.7413917584527
1.0905423052954600E+01 1.0898314702099000E+01 1.0908111469620099E+01 1296.4370371629198
1.0904541961973500E+01 1.0902477808000500E+01 1.0902477811219001E+01 1296.157719910168
1.0905845609534500E+01 1.0901942438221100E+01 1.0901942440428501E+01 1296.18536798305
1.0903131500236199E+01 1.0901863942558901E+01 1.0904898199735300E+01 1296.2047940288105
1.0899811166826000E+01 1.0902992197046199E+01 1.0908070920335399E+01 1296.3212141637791
1.0904844609864099E+01 1.0902290819230497E+01 1.0902423513124500E+01 1296.1650074131007
1.0903096871668302E+01 1.0903585754047100E+01 1.0903356508155200E+01 1296.2221150629343
1.0908060628546300E+01 1.0900686595668400E+01 1.0900739961048300E+01 1296.1563033614689
1.0904058811481100E+01 1.0901443317828701E+01 1.0904058816479001E+01 1296.1652432670849
1.0901218232657900E+01 1.0904546735417000E+01 1.0904546932040500E+01 1296.254502973602
1.0910891995034801E+01 1.0899234576957101E+01 1.0899234596965000E+01 1296.1410251321176
1.0907313927134000E+01 1.0901454417759600E+01 1.0901606850709900E+01 1296.2619465302462
1.0907220993551700E+01 1.0900764103187401E+01 1.0902547398048601E+01 1296.2806475807463
1.0907026650086999E+01 1.0902114191791100E+01 1.0901265401688200E+01 1296.2656538224076
1.0900086190289800E+01 1.0907468626775801E+01 1.0907469931889199E+01 1296.8147125749715
1.0904941237645099E+01 1.0902496342449300E+01 1.0902496344329499E+01 1296.2095864210216
1.0905467092346701E+01 1.0902095933919700E+01 1.0902507118487900E+01 1296.22576550572
1.0903815001673699E+01 1.0901123388607100E+01 1.0904981272264800E+01 1296.207869977027
1.0903538119955400E+01 1.0903538148303401E+01 1.0902631425896599E+01 1296.1827105913928
1.0903577850980300E+01 1.0903575210471200E+01 1.0903564999069101E+01 1296.3028302013365
1.0897924019742097E+01 1.0907304960667700E+01 1.0907306853812200E+01 1296.5186335157177
1.0899621844799800E+01 1.0899858046948800E+01 1.0908840697624999E+01 1296.0175196895614
1.0903633790768501E+01 1.0904215424126800E+01 1.0904058287828700E+01 1296.444244639337
1.0903832611931700E+01 1.0903967599064501E+01 1.0903822083053999E+01 1296.4103355248312
1.0903329873569801E+01 1.0904480744663401E+01 1.0904453389450300E+01 1296.4866285933376
1.0903871321991399E+01 1.0900334587217399E+01 1.0903803156300601E+01 1295.98074555027
1.0900253890747500E+01 1.0900253964786700E+01 1.0906772691378100E+01 1295.8940399729934
1.0901343403290500E+01 1.0902843579714199E+01 1.0905464004498999E+01 1296.175924851862
1.0902179392687300E+01 1.0902191013363700E+01 1.0904658964516200E+01 1296.1020535287687
1.0901699588357500E+01 1.0901699599743500E+01 1.0907003508798899E+01 1296.265235412922
1.0903285973818701E+01 1.0903620974882900E+01 1.0903711384609801E+01 1296.2909733320996
1.0903262724570901E+01 1.0903260690574697E+01 1.0903332941286701E+01 1296.2003866949344
1.0901778209607700E+01 1.0901778222340299E+01 1.0905706629166501E+01 1296.1297999935232
1.0902379797204800E+01 1.0903492051586900E+01 1.0904280171847400E+01 1296.2355261352732
1.0903318808821000E+01 1.0903318799698400E+01 1.0903266436857299E+01 1296.2060560513037
1.0906993533692500E+01 1.0901314702006500E+01 1.0901616945262600E+01 1296.2084574142034
1.0901636233825901E+01 1.0901636229669300E+01 1.0905048105345200E+01 1296.0177760446863
1.0903902469104301E+01 1.0901823005081900E+01 1.0904140842025100E+01 1296.2015530238295
1.0897484429279700E+01 1.0907572002589200E+01 1.0907573135956900E+01 1296.529728581135
1.0899254183648299E+01 1.0904210806093900E+01 1.0904213164321400E+01 1295.9413663641708
