-66311.944510
-66311.978423
-66311.949635
-66311.915601
-66311.910935
-66311.931921
-66311.964582
-66311.943232
-66311.961520
-66311.974539
-66311.988271
-66311.969204
-66311.978970
-66311.954545
-66311.948789
-66311.975010
-66311.979408
-66311.979305
-66311.985543
-66311.972254
-66311.932999
-66311.951948
-66311.913080
-66311.924321
-66311.933765
-66311.949636
-66311.956740
-66311.948692
-66311.963763
-66311.925039
-66311.926076
-66311.942193
-66311.955340
-66311.932409
-66311.945840
-66311.962316
-66311.940512
-66311.949443
-66311.969839
-66311.932755
-66311.969164
-66311.967745
-66311.966656
-66311.991431
-66311.968410
-66311.977140
-66311.961191
-66311.991847
-66311.997700
-66311.978403
-66311.980072
-66311.967133
-66311.910346
-66311.934318
-66311.938640
-66311.943366
-66311.930530
-66311.953661
-66311.953121
-66311.964003
-66311.962704
-66311.932162
-66311.993627
-66312.024156
-66312.001948
-66312.021335
-66312.010077
-66311.996305
-66312.026072
-66312.012148
-66312.023029
-66311.988483
-66312.020803
-66311.984028
-66312.036214
-66311.989058
-66311.999177
-66311.952006
-66311.978823
-66311.974487
-66312.000742
-66312.070700
