           7 substitutions in          16 sites
          82 configurations
     1    192   10   11   12   13   14   15   16
     2     48    9   10   11   12   14   15   16
     3     96    9   10   11   12   13   15   16
     4     96    8   11   12   13   14   15   16
     5     48    8   10   12   13   14   15   16
     6     96    8   10   11   13   14   15   16
     7     96    7   11   12   13   14   15   16
     8    192    7   10   12   13   14   15   16
     9    192    7   10   11   13   14   15   16
    10    192    7   10   11   12   14   15   16
    11    192    7   10   11   12   13   15   16
    12    192    7   10   11   12   13   14   16
    13    192    7   10   11   12   13   14   15
    14    192    7    9   10   12   14   15   16
    15    192    7    9   10   12   13   15   16
    16    192    7    9   10   12   13   14   15
    17    192    7    9   10   11   12   15   16
    18    192    7    9   10   11   12   14   16
    19     96    7    9   10   11   12   14   15
    20     96    7    9   10   11   12   13   16
    21    192    7    8   12   13   14   15   16
    22    192    7    8   11   12   14   15   16
    23     96    7    8   10   13   14   15   16
    24     96    7    8   10   12   14   15   16
    25    192    7    8   10   12   13   15   16
    26    192    7    8   10   12   13   14   15
    27    192    7    8   10   11   13   15   16
    28    192    7    8   10   11   13   14   15
    29     96    7    8   10   11   12   15   16
    30    192    7    8    9   10   14   15   16
    31     96    7    8    9   10   12   15   16
    32    192    7    8    9   10   12   14   16
    33    192    7    8    9   10   12   14   15
    34    192    7    8    9   10   12   13   16
    35    192    7    8    9   10   12   13   15
    36    192    7    8    9   10   12   13   14
    37    192    4    7   12   13   14   15   16
    38     96    4    7   11   12   14   15   16
    39    192    4    7   11   12   13   15   16
    40     96    4    7   10   12   14   15   16
    41    192    4    7   10   12   13   15   16
    42     96    4    7   10   12   13   14   15
    43     96    4    7   10   11   14   15   16
    44     96    4    7   10   11   13   15   16
    45     96    4    7   10   11   13   14   16
    46    192    4    7   10   11   12   15   16
    47    192    4    7   10   11   12   14   15
    48    192    4    7   10   11   12   13   16
    49    192    4    7   10   11   12   13   15
    50    192    4    7   10   11   12   13   14
    51     48    4    7    9   10   11   12   16
    52     96    4    7    9   10   11   12   15
    53     48    4    7    8   13   14   15   16
    54     96    4    7    8   12   13   15   16
    55    192    4    7    8   12   13   14   16
    56    192    4    7    8   11   12   15   16
    57     32    4    7    8   11   12   14   15
    58     96    4    7    8   11   12   13   16
    59     96    4    7    8   10   12   13   16
    60    192    4    7    8   10   12   13   15
    61     96    4    7    8   10   11   12   13
    62     16    4    7    8    9   10   11   12
    63     96    4    6    9   13   14   15   16
    64    192    4    6    9   12   14   15   16
    65    192    4    6    9   12   13   15   16
    66    192    4    6    9   12   13   14   16
    67    192    4    6    9   11   14   15   16
    68     64    4    6    9   11   13   14   16
    69     96    4    6    9   11   12   14   16
    70    192    4    6    9   10   14   15   16
    71    192    4    6    9   10   13   15   16
    72     96    4    6    9   10   12   14   15
    73    192    4    6    9   10   12   13   16
    74     96    4    6    9   10   12   13   15
    75     96    4    6    9   10   11   15   16
    76    192    4    6    9   10   11   14   15
    77     96    4    6    9   10   11   13   15
    78     96    4    6    8   13   14   15   16
    79     96    4    6    8   10   13   15   16
    80     48    4    6    7   10   13   15   16
    81     32    4    6    7    9   14   15   16
    82     16    4    5    6    9   10   13   16
