-659.0136589334725 -658.5684864970144 -660.6597326260144 -662.8330174929815 -655.120713724119 -653.3687535910317 -655.5153030580323 
-658.634568460916 -652.4406401148403 -658.6353519653185 -652.439536533916 -652.4402380428191 -652.4402066097928 -663.1729076877536 
-661.2082635118236 -659.5706340845954 -659.5708705270717 -661.2084873266012 -662.2730967365469 -653.1338126228034 -662.2735809750443 
-661.2354611068431 -659.8644979107062 -659.8797939071114 -653.9449829340938 -660.2694438435838 -660.26711130271 -653.9445591940839 
-661.6114573772716 -660.6454903590525 -660.6446443555665 -661.6110996688108 -660.6447103813134 -660.6458419803657 -647.4018495421383 
-662.2212605958384 -658.6111386320381 -658.6109927811794 -654.7824654936608 -654.0866404435956 -659.395776281568 -654.7822466753851 
-657.7361125175903 -658.8827767575704 -658.8828134911155 -652.4665851826512 -654.4491481058026 -654.449049270153 -652.4667416398506 
-659.3223987568044 -660.1292451874533 -658.2036953442325 -659.0276952052309 -654.4587803501563 -654.2919368903849 -654.2035117698756 
-659.6996743478244 -659.2735391389278 -656.1367753293612 -661.4488148723317 -647.7529172476839 -652.980147278809 -652.542218947653 
-659.2649343614971 -652.8084274289481 -655.6981363716341 -661.702170149355 -654.6409588085926 -652.3984115884773 -653.6959364218742 
-657.1778722470822 -660.0867553759108 -657.6829749833023 -652.9025890006606 -659.9992800072064 -652.587453798862 -653.4219589852487 
-657.3817060674132 -661.5010920708501 -659.1642973499597 -659.2817552430151 -659.3850584960178 -654.3339079584484 -652.1347323479758 
-659.7738698320018 -659.2857591363436 -659.4715961597776 -658.6837063957519 -660.5876778173292 -654.9947520635283 -652.8281545936075 
-660.7263813608461 -657.9923141357667 -653.794792563905 -658.8248853656269 -652.2222008414901 -654.1348165688978 -661.2915487393848 
-660.0660704419361 -662.3673416668298 -660.8333020609716 -659.2037386766578 -659.4181057267556 -654.8837816771029 -661.2617649598242 
-652.6171376133912 -652.7286779383717 -660.553024158803 -656.4366449196004 -659.7253998576098 -652.7824762587384 -654.6094496223386 
-659.1151684397473 -661.3111948027517 -653.1098449582564 -656.9740277543565 -662.0480808814809 -652.1122840605794 -660.6574677011918 
-659.2600838878288 -659.128522456936 -655.1649264854914 -658.4802039862816 -660.3274342771033 -652.1939030802237 -660.5871166086308 
-661.1251947919955 -652.1473457993616 -652.1517910776543 -658.6952503643333 -658.6968928853994 -652.4138367231462 -652.4141208960546 
-657.7574854936679 -662.0027672592346 -662.0031017689225 -659.9715011073313 -659.9706053000564 -659.6327484312224 -659.6331964649307 
-659.0123130143975 -661.4450055492707 -658.5073412187735 -652.3209364623908 -661.1079734445461 -654.0317557253766 -654.3123533798844 
-659.0856695968537 -661.5802598761711 -658.505293672245 -661.8131928430539 -661.1543888695442 -660.8894221038931 -652.6052680414518 
-660.7210660852852 -660.9518113491913 -660.5551683513072 -660.5371039730426 -653.7886081978859 -660.5760398989132 -653.8047211449139 
-660.2945633083946 -661.6114739856694 -654.0751676826071 -661.3589672134785 -660.7263391173292 -660.2206118708614 -654.0989821925205 
-658.4413516144937 -654.1918339669146 -660.5668431917147 -651.5709047131545 -659.4411344543059 -660.1346124238016 -654.1033607469303 
-652.4004673255217 -661.2660778823788 -660.9722066076292 -658.4579335343819 -659.1738733615093 -661.280113665558 -661.4206495082772 
-658.8447995380466 -655.4201802449616 -660.0389844528468 -657.1334970243215 -662.6480412968722 -658.6222777395806 -653.4022086424479 
-661.387423728358 -661.7596505508536 -658.902649427434 -659.0282124845116 -661.678663406839 -654.2671244632566 -659.5508480051321 
-657.8245014707727 -655.1683573185855 -653.4768307393888 -656.1972023471149 -654.9580449035466 -657.8756823318536 -653.580859299947 
-653.5936730262301 -660.6914508695245 -660.6270695074127 -653.9383896458103 -660.735332770098 -660.3870759527044 -659.713876266796 
-660.3356971657572 -653.8002642863462 -660.3587523012493 -653.8007371755648 -660.9137892185604 -659.4821214703197 -660.8802576897233 
-660.2040216833511 -654.7676482599654 -658.5492854019994 -647.644178891177 -659.9796563729174 -657.9035788485826 -661.7105086086722 
-653.9101872620131 -661.792837246323 -651.9616876229029 -654.207831422761 -658.6205553707491 -659.0153064771762 -660.7027140130085 
-658.5376533145932 -647.3005190722774 -660.8082617927898 -653.7407720353472 -658.6566673513657 -659.3432406775519 -661.2763271853264 
-652.1508124669972 -653.9229239118572 -654.7787441362616 -660.6639577387932 -657.5678917204295 -659.1166839836237 -660.3118246145527 
-652.2086033211035 -655.3143696000488 -653.712055435316 -654.548173465415 -657.8156377218161 -660.0808303303597 -658.707017098086 
-662.083234867699 -660.1325243907286 -657.997940545838 -658.3455763046777 -654.4615480312268 -647.3116413923417 -660.6090626448959 
-654.3463247300733 -660.4269932403522 -658.6234151128219 -661.4482683501501 -654.630398283598 -654.6900677713816 -658.9965746812732 
-661.6597467693218 -657.6828501089003 -659.3181171274477 -653.7104924035339 -658.7846724249512 -654.4608968372686 -659.1056650030241 
-661.1066256300855 -661.1069775145825 -660.2702662994316 -660.2701862961453 -654.0697668870735 -654.0694273200179 -660.7343741511759 
-659.7834724188706 -659.5263045660809 -659.0506559278288 -652.4207445330421 -657.320134460464 -654.1443575241915 -661.3568963697817 
-653.2121776571785 -653.2125542551294 -658.8826131949509 -658.8829149943458 -658.0176704835262 -655.1591378546409 -655.1593848857915 
-661.7774404045372 -652.8015733257853 -659.3953610944054 -656.8219891993076 -647.5448250519994 -653.110269083455 -659.6507249922488 
-659.9335378584183 -659.9337507656719 -658.2936776602737 -658.2938293271918 -660.3271729296657 -652.5808208563994 -660.3278038459403 
-659.9056316419474 -659.9054759001137 -659.4165035741275 -659.4167046213033 -658.4803010289324 -647.7652346665941 -658.4808547502066 
-661.3128041151208 -659.1155610685555 -660.2279544608496 -656.6216122241985 -655.3351563746596 -652.2070597264569 -660.4775845387358 
-654.4544447246462 -661.4912269642646 -658.1873818282597 -658.025212819055 -660.6039707070504 -654.6425902884675 -652.6444125797725 
-659.890940381616 -657.4292246261475 -660.6587821531753 -661.1853247425033 -653.5931748532198 -657.8392251977912 -660.1043639129684 
-652.8688527814629 -659.637232664104 -657.3684736300797 -660.421568427967 -652.6649966583354 -658.3636222546929 -652.6011978980105 
-652.5406801610507 -659.2762391753595 -658.3199849858238 -662.0986227767762 -658.3356617385889 -657.4891627302404 -654.6061315427396 
-659.4327568924487 -659.4334643211673 -659.4330726596318 -662.9293266069672 -659.4336179506854 -662.9290473843585 -658.9511956833117 
-661.487323204693 -661.4876095959016 -661.1559065753313 -659.1491304665515 -659.1492720345213 -661.1560218322734 -652.1114534184999 
-661.7803223977239 -661.7811331960747 -660.9929389517729 -661.1215734890957 -654.2005702616402 -654.2008248438487 -661.121472401966 
-661.3163011321749 -658.9484471570395 -653.8583336173006 -652.6283510008261 -658.9922845355923 -653.8256947695536 -661.2913014180103 
-661.3184050861282 -659.0756867030868 -654.4371777018032 -659.2741949822002 -659.7619809436378 -660.6695265946237 -661.7716733486432 
-653.9548042508973 -658.5426478525001 -654.1671236747329 -658.6350318725886 -654.9839347136094 -660.6506802161584 -659.0729565252022 
-646.6606113850448 -661.3530680108665 -660.9120971468274 -660.3522026203837 -660.3519339936147 -661.3791192864192 -661.3797318118468 
-661.1024457805611 -656.1701293446199 -647.4973231027861 -653.147870767607 -653.1477188476001 -659.8332331392121 -659.833823031895 
-658.451887476449 -658.4525911448104 -647.3993006750129 -652.3309808544336 -652.3313362636118 -657.9215834846254 -662.2376836626036 
-652.1590854355195 -652.2563870874251 -654.329048794898 -658.5148069633933 -651.5236835909795 -657.2445149386667 -660.8985101938324 
-651.750572455217 -658.2911178769477 -647.8128556235438 -658.2907311020263 -662.0002831035908 -651.7504821447105 -658.0125439012272 
-660.4980363194018 -660.4984009119844 -648.0991910063362 -660.4997733036544 -660.4980158430308 -660.5002348026424 -660.4977473305767 
-650.2517955237718 -649.5625247452331 -649.5622942570171 -655.4700806577816 -654.9578716701903 -654.9575432031265 -643.7394280033732 
-643.6839383906972 -649.5480717423338 -648.0039948458416 -652.9336461096873 -653.5757571442259 -655.4267906699079 -644.3932381335371 
-649.9646187700682 -649.2166950808037 -649.8022995533538 -661.4967080844467 -661.7770341425035 -655.0716181357548 -642.9046202050213 
-649.6594620421292 -642.9315632135344 -648.0951269735642 -659.4583268322003 -662.725164863472 -653.356923205868 -643.4553107380539 
-643.34467871791 -649.4205125162471 -649.228478621365 -661.8471453550928 -655.4680813297118 -662.2511835325508 -650.3106200911534 
-649.5565167680525 -643.5029961209484 -649.4794171896442 -655.151539694757 -655.1095085049051 -654.7722216589314 -649.7208558955499 
-643.43430424704 -643.4341921124815 -648.0304109041622 -655.6766812531914 -653.0659710040686 -653.0658130201709 -650.520761096207 
-650.3253357999602 -649.6981099560235 -649.4963132370135 -662.1153935687371 -655.0763727167755 -662.4982991764555 -643.7894881598049 
-647.7735030329322 -649.8187319970198 -643.9793877939915 -659.8025023330283 -653.6975877009863 -662.6714187293978 -643.5493004122686 
-659.3744675719217 -659.3745156981395 -657.0027985251008 -661.5314058685572 -652.2256212544435 -652.2257279495147 -661.531342395866 
-648.0205191233945 -643.0434504532832 -650.1288934588133 -653.1568574862868 -662.0439682989945 -659.9942202427187 -643.2640370082117 
-657.2903086572314 -659.6392384264159 -660.1536739332723 -659.5336376444388 -661.3058875099332 -660.6480041439277 -661.8328120427923 
-649.6823956114904 -649.6827176997967 -642.9748535304616 -659.9373199065258 -660.5777740271146 -659.9371264476094 -651.160873916067 
-659.3592686922939 -658.6759482037805 -659.3219744010707 -658.4087424024947 -653.3819068712746 -654.3196440998045 -659.4317821586733 
-656.5934979919384 -658.8938189077144 -653.511179786306 -656.5935208089536 -653.5114127296556 -655.1973675475174 -658.8941391360322 
-659.1511843639692 -656.6911569228087 -659.252662790268 -654.2109025170244 -654.1760348234375 -652.1642920791487 -652.3207195791142 
-656.8665997729422 -656.8662872765376 -653.1220909745671 -659.1695993439789 -653.1215348469191 -659.1702201248272 -653.3463335246961 
-657.7376058601471 -659.4241656084478 -661.7393417241778 -659.4234025067394 -660.0209180771467 -661.6573392477858 -660.021982247833 
-643.8083205353041 -649.1387885482882 -655.6668622658344 -649.1388991456838 -654.9440762318645 -654.9441222002479 -649.4758322493813 
-638.6509350001047 -643.6315948136703 -643.6313970351557 -643.6316186723334 -643.6314655014712 -643.7657358293327 -643.7659161235965 
