-656.1151330729708 -656.1145311353207 -656.115117496066 -656.123907035822 -656.120005967915 -656.1205375191203 -656.121179859907 -656.1205502821231 -656.1243966538659 -656.1207436912805 -656.1208094669887 -656.1234809528696 
-646.1909542134363 -646.5102845964157 -656.299437451662 -659.0824422765181 -648.691864059464 -655.9508232788976 -657.890690253756 -657.2097414571704 -658.1299551355287 -658.086196569092 -656.1139328914355 -647.1352820241373 
-637.0626922115798 -647.5106997694525 -647.5101981343682 -658.7332127404088 -647.0852653021097 -647.0849679708676 -658.4218918928627 -658.4216051068615 -649.2764966782247 -655.9131166689667 -655.9128289636838 -649.2753217727795 
-636.7989440624851 -648.1966813343315 -648.1968462779273 -656.2265270565254 -647.3879655287201 -647.3878656353309 -657.0974490246144 -657.0968870508091 -647.5451900475382 -657.8099304399543 -657.8097412212164 -647.5453277886036 
-648.2108038223005 -646.3983144143449 -648.2109906179612 -646.3991148356699 -649.1921970127078 -656.5640052413469 -649.1922422549478 -656.5643281513285 -657.3533434406922 -658.8023469092095 -658.8020608487454 -638.6242317553238 
-645.7681200253519 -655.965342021208 -655.9651850277633 -645.768323774576 -657.4735911302209 -655.9711326552488 -649.565919274407 -658.05732720373 -657.4735532106115 -658.057102299586 -655.9714936902051 -645.9184225790614 
-646.0275643738523 -648.436889517091 -647.0953036278352 -646.6432040525106 -658.2260618481464 -650.0344620558353 -649.982894563343 -656.082332688527 -659.0512227754348 -657.1357223884461 -658.350417136553 -637.7114179113269 
-655.5049260660358 -655.5045681233123 -655.5040693995829 -655.5045898364388 -659.526896123285 -659.5129760755326 -655.5051655603929 -659.5135347058963 -655.5044368803583 -659.5271873906058 -655.5048866524448 -655.5050942374214 
-646.663522242608 -646.8142254208901 -646.6634159391883 -646.8147084098159 -657.451765588843 -646.8228569737648 -646.8235802558079 -657.451792008294 -648.789894910692 -657.1656234522961 -651.0346975663688 -648.790674656645 
-637.934107250383 -648.7941324801404 -638.8337589700491 -647.1409940722151 -649.4760949042993 -647.7657842529184 -647.5066899764679 -658.115550295789 -648.11118582979 -648.7364351650021 -659.1179705877503 -649.1663182105217 
-638.7674976634057 -657.0642329670472 -647.883739966348 -646.3884179266834 -648.5137527223033 -656.7540770810556 -648.6353705155971 -656.621892898509 -657.090356104376 -646.4441129455604 -660.1531359265882 -648.1326214065311 
-647.8983539643577 -647.8304938566407 -647.8983877370702 -647.8307226222305 -659.0373603737626 -658.9835819281425 -647.9338013256192 -647.9340677527871 -658.9837015462454 -648.1300787250566 -659.0607806232883 -648.1305490353598 
-637.9625541152009 -646.8908116384428 -637.9623861816199 -646.8912953797362 -642.52119875991 -657.8522984109673 -649.6291706323718 -649.6295259164699 -657.8524022595502 -648.5513602270457 -646.3897178458992 -648.551364168211 
-645.9963672690455 -646.0072415787504 -647.1677634121024 -658.0860492403513 -646.0008627461966 -645.9936986303865 -647.1707917536496 -658.079327351812 -647.3743241577317 -657.9075292478883 -657.909955061069 -647.3858643737944 
-656.4339526710155 -636.3957463082311 -647.5934442091161 -647.9988391936272 -656.2684353570512 -647.5930579296723 -647.9983840096256 -656.4333226025497 -647.8619167987631 -656.4658138896766 -660.6968262154032 -647.8628709467366 
-647.4844952674039 -637.3895807207809 -646.2378610924325 -648.1861004666544 -648.5718566061182 -648.1864271293725 -646.237829089619 -647.484839032169 -649.3058770252023 -658.9506781355517 -658.9504808515157 -639.2444513596147 
-646.3695294563399 -646.3691561936776 -654.8327693250685 -647.8506804964463 -647.8509556934596 -647.7970630728519 -656.4223204693799 -647.7972477210615 -658.4213673913687 -656.4225437741416 -658.4216663427324 -639.8715039779645 
-647.451402967532 -637.6180605593099 -647.2374953906888 -641.611932787243 -647.1907640822901 -648.2632138443296 -649.0157536214351 -649.1191362508353 -657.6094369395923 -649.4381387205481 -656.1154858981222 -639.3192518608594 
-638.2115437597454 -638.2113047274538 -638.1992951055972 -648.964048328758 -648.9645100792304 -649.0177324469855 -648.9968656896867 -649.0052168313705 -648.9969071623536 -649.0175704243552 -649.0051656712089 -638.2245194288007 
-656.614510269198 -656.6118322927646 -656.6082567788853 -656.615693303967 -656.6137695617062 -656.6080616667032 -656.6115776041943 -656.6091632547646 -656.6143289935676 -656.6104121056028 -656.6077912425317 -656.6076772777178 
-649.5799604441463 -649.5799450968657 -639.3915275673658 -649.580419674342 -649.5805241316716 -639.3915443691271 -649.5799840970208 -649.5799770112458 -649.5805258620148 -649.5803187552965 -639.4005899258095 -639.4011949935298 
-648.3448816515138 -648.3471037850231 -648.3466735647244 -648.3470238047057 -648.3468637567094 -648.3451648659066 -648.4911556367633 -648.2649176864998 -648.2639949030686 -648.489160411682 -648.264105659322 -648.490388507741 
