4
1.0911199528407300E+01 1.0911348475764600E+01 1.0911348481139999E+01 1299.0604173788981
1.0910109519892099E+01 1.0910470947125599E+01 1.0912203784362900E+01 1298.9279896709209
1.0910434992356601E+01 1.0912019986383999E+01 1.0912339402667600E+01 1299.1673093562683
1.0908049369409397E+01 1.0912920481032900E+01 1.0913056299760999E+01 1299.0757661786527
1.0907908362236800E+01 1.0907908070116600E+01 1.0918155610576900E+01 1299.0690312518773
1.0910012889357599E+01 1.0911751773236700E+01 1.0911751762369500E+01 1299.0151583543632
1.0909366466228400E+01 1.0909366540722502E+01 1.0914954403188700E+01 1299.0354123190127
1.0910756450282401E+01 1.0913500309531601E+01 1.0910374998352300E+01 1299.1479266781878
1.0909862283381900E+01 1.0914274096831001E+01 1.0910768827320000E+01 1299.1804568060825
1.0909750812462599E+01 1.0909750895893700E+01 1.0914067679324500E+01 1299.0214069979081
1.0912459649011600E+01 1.0910970061080199E+01 1.0910970220531000E+01 1299.1203487196904
1.0912130496531100E+01 1.0911591676316499E+01 1.0911591729837500E+01 1299.229176380471
1.0912219211039300E+01 1.0910758299014599E+01 1.0910758341190199E+01 1299.041285270807
1.0912253280077101E+01 1.0910859378362201E+01 1.0911750948373401E+01 1299.1755574684346
1.0910781161835301E+01 1.0910694137525100E+01 1.0913466295402101E+01 1299.1848213450135
1.0913505966191600E+01 1.0910491828344600E+01 1.0910567638885198E+01 1299.140029437386
1.0910183795865100E+01 1.0910043747249800E+01 1.0913561978488699E+01 1299.0476394867317
1.0912398744705600E+01 1.0912397481163699E+01 1.0909061225210699E+01 1299.0557296872055
1.0911292400982701E+01 1.0911292505398700E+01 1.0911292382933500E+01 1299.058132053826
1.0910819479370200E+01 1.0911865624474499E+01 1.0911865547929899E+01 1299.1382977672592
1.0917019038589000E+01 1.0909191642341201E+01 1.0909191788098500E+01 1299.239499962952
1.0910790674371700E+01 1.0910789217897600E+01 1.0910789510644900E+01 1298.8786169439998
