           4 substitutions in          16 sites
          22 configurations
     1     12   13   14   15   16
     2    192   12   14   15   16
     3    192   12   13   14   16
     4     96   11   12   15   16
     5     24   11   12   14   16
     6     96   11   12   14   15
     7     48   10   12   14   15
     8     96   10   12   13   16
     9    192   10   12   13   15
    10     96   10   11   15   16
    11     96   10   11   14   15
    12     96   10   11   13   16
    13     96    8   13   15   16
    14     96    7   12   15   16
    15     96    7   12   14   15
    16    192    7   12   13   16
    17     48    7   10   12   15
    18     24    7   10   11   13
    19      8    7    8    9   10
    20      4    4    7   14   15
    21     12    4    7   13   16
    22      8    4    6    9   16
