-650.2151004833813 -650.1511430289993 -650.1521589364174 -650.2148281905238 
-655.4301182334293 -655.5959809023598 -649.5832371766696 -649.7010453600756 
-660.9501200101067 -656.5899397774319 -656.3131840437945 -650.0019841699973 
-661.0221074749916 -650.1584542449891 -656.2297129604267 -656.1375090461024 
-655.818695620479 -656.0627455472309 -656.0624380979984 -656.135179316866 
-655.8933825887152 -655.8929098761487 -655.9619983375833 -655.9621247165214 
-656.1208535381502 -656.1199106144154 -656.1197830567926 -656.1210303014059 
-656.308790399813 -656.3088012057833 -663.3660497812557 -649.957835523659 
-662.0057917218742 -656.141534046657 -663.1106403112399 -656.4756028370025 
-654.2515728134649 -659.2575144192988 -654.2515393011472 -657.573680250649 
-652.9767783794869 -652.9769839606042 -650.2498300109651 -653.6025693597421 
-661.9323869386626 -661.9326486567365 -656.8740650882683 -656.8738757568844 
-656.6022707882448 -649.858896996976 -655.6836824995239 -649.8571190163289 
-661.6797686763139 -656.02448638643 -649.7429800552886 -656.3516329240952 
-656.6358435500706 -661.8839355100863 -656.5147399881225 -649.7775827977584 
-659.7415528688157 -654.1152443930378 -654.2275218993145 -657.1070735550816 
-655.8371527665804 -656.0285046797226 -656.0284706053444 -655.8374671183078 
-662.6674068363 -662.6676108379188 -662.8529636309427 -662.9072802671026 
-649.7668830141483 -649.8450867659367 -649.7668595467594 -649.766449999589 
-649.8917866123784 -649.8881827448577 -649.8919793535179 -649.8805421458128 
-663.3888157419419 -663.3888275199402 -664.3001183464021 -664.3003240108774 
-644.2310632088406 -644.2002643370324 -644.1981822548969 -644.4186091695806 
