4
1.0903713040189402E+01 1.0907145165490601E+01 1.0907145162666300E+01 1297.1691152246513
1.0904018604259299E+01 1.0905959316365401E+01 1.0908400441263399E+01 1297.2137080381658
1.0905270256765100E+01 1.0907087623642100E+01 1.0907087404095000E+01 1297.3406563503327
1.0905327538257801E+01 1.0905327515536902E+01 1.0908539513207799E+01 1297.3108078974587
1.0904531196894601E+01 1.0908867733006200E+01 1.0906300249835400E+01 1297.370817916358
1.0905026667742799E+01 1.0907361938280300E+01 1.0907227686496199E+01 1297.3609913437474
1.0904214949915600E+01 1.0907830423375900E+01 1.0905452758823101E+01 1297.1090289269036
1.0905844103937801E+01 1.0905843959181199E+01 1.0905843945469501E+01 1297.1130949224676
1.0906209080264601E+01 1.0907120164844899E+01 1.0907120142778700E+01 1297.4601084520325
1.0906977097177499E+01 1.0905644975207201E+01 1.0905790046850800E+01 1297.2177700148625
1.0905816491850000E+01 1.0907748107245100E+01 1.0905816494521300E+01 1297.333019215582
1.0906643623030400E+01 1.0906643731879800E+01 1.0906643637205701E+01 1297.3984447880196
1.0906681776736599E+01 1.0905692861530500E+01 1.0907104569431100E+01 1297.3446978453505
1.0904791963321200E+01 1.0906301277897500E+01 1.0908704400522501E+01 1297.3825397131343
1.0905451066140399E+01 1.0909041354964099E+01 1.0904468920805799E+01 1297.28304040313
1.0905302337303700E+01 1.0903957658037401E+01 1.0909261321446500E+01 1297.2306813583634
1.0906154103483500E+01 1.0907050728452001E+01 1.0904625500287400E+01 1297.1485606936517
1.0906412741644900E+01 1.0906318319801100E+01 1.0905218168862600E+01 1297.1627140257253
1.0904867478240501E+01 1.0907193366116401E+01 1.0907823310096299E+01 1297.3928467896421
1.0906791116854400E+01 1.0905048558694800E+01 1.0905827722619501E+01 1297.1291895685267
1.0907401430471200E+01 1.0907246124756302E+01 1.0905207133429000E+01 1297.3893517862937
1.0908505423970000E+01 1.0905719514481699E+01 1.0905268606001799E+01 1297.3463754309807
1.0906673931639499E+01 1.0908312110083600E+01 1.0904845215697801E+01 1297.3865480901068
1.0905850722230101E+01 1.0907092485269001E+01 1.0906664474370800E+01 1297.3599814981242
1.0905103205608000E+01 1.0907072117939599E+01 1.0907422946340800E+01 1297.358849206312
1.0904529525228600E+01 1.0911377745184600E+01 1.0903330441287100E+01 1297.3157719015023
1.0905223344035401E+01 1.0908832109731300E+01 1.0905671232386901E+01 1297.3740995528674
1.0906357436365701E+01 1.0903391696512999E+01 1.0908222007304500E+01 1297.165260089761
1.0905470415896099E+01 1.0905619791183801E+01 1.0908155040821001E+01 1297.3168490559956
1.0906495249896899E+01 1.0908163722890100E+01 1.0905083187892799E+01 1297.3759565629975
1.0906638873253200E+01 1.0904721359138600E+01 1.0908995209263900E+01 1297.448885805745
1.0906255724037100E+01 1.0906945927267000E+01 1.0906611262736501E+01 1297.3843975765806
1.0910049226791401E+01 1.0904161440313500E+01 1.0904161375931400E+01 1297.212883018691
1.0908348691279800E+01 1.0904226322371899E+01 1.0906984722801599E+01 1297.3542345124413
1.0907673673187400E+01 1.0906738624920999E+01 1.0906738808774502E+01 1297.5435856230383
1.0908408096034600E+01 1.0905779908572500E+01 1.0905496652467299E+01 1297.369114145806
1.0906761049034900E+01 1.0903342542017700E+01 1.0908097485187000E+01 1297.1926081502088
1.0907023140480602E+01 1.0904059142427700E+01 1.0907145206919900E+01 1297.1957821253227
1.0906990836279499E+01 1.0905723171816099E+01 1.0905707822433600E+01 1297.2189250252725
1.0905739406159199E+01 1.0906395493765100E+01 1.0906395439279400E+01 1297.2318358619807
1.0907422263997301E+01 1.0903731974255599E+01 1.0907422401276101E+01 1297.23729509918
1.0907228229336100E+01 1.0905551735584600E+01 1.0906491104707101E+01 1297.3199376728244
1.0909727900278799E+01 1.0904472264475800E+01 1.0904472262361400E+01 1297.2486376976176
1.0906759951461501E+01 1.0904338861026799E+01 1.0907736245049501E+01 1297.268049023466
1.0910818679040799E+01 1.0905177037936500E+01 1.0903992727654300E+01 1297.4051339705693
1.0910256512136399E+01 1.0904404230493100E+01 1.0905711625876499E+01 1297.4508464652567
1.0906824229246499E+01 1.0905763044068200E+01 1.0907075377158799E+01 1297.366519210655
1.0907053273501901E+01 1.0906513036514198E+01 1.0906247012442700E+01 1297.3844456180818
1.0911027110703699E+01 1.0904324896111900E+01 1.0904327468280700E+01 1297.3683626206682
1.0903762071159999E+01 1.0903980816000800E+01 1.0911154575479800E+01 1297.2753123609643
1.0910652940380301E+01 1.0905538894157999E+01 1.0903547214757600E+01 1297.375465867669
1.0905925059427000E+01 1.0906932303921600E+01 1.0904769037608700E+01 1297.1243089616482
1.0907784176074600E+01 1.0905427271807699E+01 1.0907192342210600E+01 1297.4546708270116
1.0911255387613201E+01 1.0904299701158500E+01 1.0904299642819099E+01 1297.3891973781883
1.0905040675442100E+01 1.0907115345203300E+01 1.0907589280251701E+01 1297.3763359971492
1.0907975102072800E+01 1.0907975149623100E+01 1.0903606467938500E+01 1297.3538543702139
1.0906881406635300E+01 1.0906881339586500E+01 1.0906881383301400E+01 1297.4832778088119
1.0911297635596000E+01 1.0904205368296100E+01 1.0904205267039501E+01 1297.371768353568
1.0906232853454799E+01 1.0906232848073600E+01 1.0906471800507999E+01 1297.2802676795511
1.0905302081725299E+01 1.0907226166760202E+01 1.0907226152229599E+01 1297.377425033678
1.0907164458185401E+01 1.0904106936944000E+01 1.0907772115739400E+01 1297.2928353445727
1.0907298033126301E+01 1.0907297963077298E+01 1.0904106567741602E+01 1297.252285723484
1.0910689721645999E+01 1.0905136549653401E+01 1.0903255090803500E+01 1297.2972168343513
1.0903759563131199E+01 1.0903759518189601E+01 1.0912122646633600E+01 1297.3637814795045
1.0903513289652601E+01 1.0903513296744700E+01 1.0910719021580601E+01 1297.1383113249894
