-65561.520209
-65561.516634
-65561.537246
-65561.550418
-65561.545072
-65561.526594
-65561.556226
-65561.581560
-65561.530477
-65561.506479
-65561.509257
-65561.532614
-65561.536377
-65561.555078
-65561.565679
-65561.527691
-65561.545775
-65561.544809
-65561.553395
-65561.568758
-65561.569882
-65561.544265
-65561.553109
-65561.573847
-65561.564750
-65561.580964
-65561.560311
-65561.535714
-65561.558688
-65561.555241
-65561.558676
-65561.564609
-65561.506315
-65561.524380
-65561.541984
-65561.514090
-65561.518108
-65561.519888
-65561.517454
-65561.527180
-65561.516544
-65561.548162
-65561.513772
-65561.525179
-65561.543717
-65561.550117
-65561.544903
-65561.553412
-65561.570790
-65561.535318
-65561.570284
-65561.574696
-65561.579294
-65561.574961
-65561.563112
-65561.579044
-65561.547410
-65561.513640
-65561.558327
-65561.606100
-65561.597416
-65561.628283
-65561.603477
-65561.614131
-65561.591206
