           6 substitutions in          16 sites
          65 configurations
     1     48   11   12   13   14   15   16
     2     96   10   12   13   14   15   16
     3     96   10   11   13   14   15   16
     4     96   10   11   12   14   15   16
     5    192   10   11   12   13   15   16
     6    192   10   11   12   13   14   16
     7    192   10   11   12   13   14   15
     8     16    9   10   11   12   14   15
     9     48    9   10   11   12   13   16
    10    192    8   12   13   14   15   16
    11     96    8   11   12   13   15   16
    12     32    8   10   11   13   15   16
    13    192    7   12   13   14   15   16
    14    192    7   11   12   14   15   16
    15    192    7   11   12   13   15   16
    16    192    7   10   12   14   15   16
    17    192    7   10   12   13   15   16
    18     64    7   10   12   13   14   16
    19    192    7   10   12   13   14   15
    20     96    7   10   11   14   15   16
    21    192    7   10   11   13   15   16
    22    192    7   10   11   13   14   16
    23    192    7   10   11   13   14   15
    24    192    7   10   11   12   15   16
    25    192    7   10   11   12   14   15
    26     96    7   10   11   12   13   15
    27    192    7   10   11   12   13   14
    28     96    7    9   10   12   15   16
    29    192    7    9   10   12   14   15
    30    192    7    9   10   12   13   15
    31    192    7    9   10   11   12   16
    32    192    7    9   10   11   12   15
    33     48    7    8   13   14   15   16
    34    192    7    8   12   14   15   16
    35     32    7    8   11   12   14   15
    36    192    7    8   10   13   15   16
    37     48    7    8   10   12   15   16
    38     96    7    8    9   10   15   16
    39     96    7    8    9   10   14   16
    40     96    7    8    9   10   14   15
    41     48    7    8    9   10   12   16
    42    192    7    8    9   10   12   14
    43     24    4    7   13   14   15   16
    44     96    4    7   12   14   15   16
    45    192    4    7   12   13   15   16
    46    192    4    7   12   13   14   16
    47     96    4    7   12   13   14   15
    48     96    4    7   11   12   15   16
    49     96    4    7   11   12   13   16
    50     48    4    7   10   12   14   15
    51     96    4    7   10   12   13   16
    52    192    4    7   10   12   13   15
    53     96    4    7   10   11   15   16
    54     48    4    7   10   11   13   16
    55    192    4    7   10   11   12   15
    56     96    4    7   10   11   12   13
    57     16    4    7    9   10   11   12
    58     48    4    7    8   13   15   16
    59     48    4    7    8   10   12   13
    60     96    4    6    9   14   15   16
    61    192    4    6    9   13   15   16
    62     96    4    6    9   12   14   16
    63     96    4    6    9   12   13   16
    64     48    4    6    9   10   15   16
    65     48    4    6    9   10   11   15
